01331043143210004001413204420322400023333121040400244013130332022132033002423234304312240443431412304141033301200200241442030	0.736
13014431042213222403002304031034410023122121440300113143042322433231240402214204330141121024304340424234410332033014231100030	0.776
14002430304020411013423402020431011403401131121431440302200220443244101414001144040240413332111020130224434041240241032000030	0.72
12032331100340202310232342442433321044321001044404123330331044302122214011234302014024200311301004200203233323023204121113342	0.768
34203133032323221012433443420444030311334143143000431242013123224412102431020012332434010222311113213123044310440203144333200	0.744
14213334242442112313202211243342133231403140400303142423213043434132224034341443102441033314110213410404041140002414124400043	0.736
43134040130124310330024204040402424124413120200210433320411322240404141230413404112403221014103310221014304113244424041104200	0.752
11400114433012323131311401424343413221310143120430232340202202103142324000032142413324340130012004204300304230022011410420040	0.752
11041324304420242111323324204223131201303101104030110112330132332333130212042410331400120010214114224014310322331102132403440	0.752
44404114013240431003010042031313403114440311221411423022343122224312213233042240311331121232204200122001023002200122311104130	0.768
01200043334302133012200031341121013233140010443140214043124103420400414032421442330302021244331301044003414131214343141132110	0.776
00030004010244213131341412140032001214230034240000234043202432041332233440200122203322100014310103041344401133223131341124023	0.736
01022234032244231301330044442424143224242033401003342011430314034313212002322042343214321113014413241142041240224220434410013	0.76
42143044444201440424121103443422233322411001114100314102133032333230123221012140122304310300040123103302403314132431434430440	0.776
44012020132110231324301104012043043313023404200034014301420121422224034000042110043133020301111111314111330221321121130132020	0.736
21242114110222211421014124011040012232141123042414414342320324444011040124401312233414131323314030231444411044222411344441422	0.72
40243102303204241122343404030104440401221141143030433433313300410012320404330334244332031013034004334344442441110031004103430	0.744
44444232103421014203032242104413013434220011400030022411300112232231300123032432242430233302112133242442233233042230313342320	0.744
20013203232222303403403232441033134421400020320340342210410132043103440304344413102441102132134003011043431343320134204113333	0.736
34344322032303422301020334233204223343141443203143412430310400341324110424341133424432420230431014000442440224021010424114444	0.712
04210440130322001404423102232434142011221123143142000102300213220141331423043044334430112313403414343412431034322220411040030	0.784
40034414201010033242004003113303013401043343403300041112121024042344144040312102133442121224231112134043233434412423142313200	0.776
24444303304330404403004004402402121204114222432213240320444022034130120030434323114341332310143403234043441123404130221021200	0.744
43201420032241300104003204441421203321041122020000013033220132232041143012214234300101430344213114003001234323203031321340013	0.736
31404130240022431340343003122440030443130104102200230333010401200211322302214231334034300102222410314014411033133231142304044	0.752
10223203404220111043142022101444413232421143101403234231443202223012431040020413443132224224213324432301320111132441313212331	0.752
Average: 0.749539