0.999722
1.1168
1.00174
1.00015
1.18117
1.00017
1.00092
0.999015
1.22907
1.00264
1.00047
1.57779
1.64602
2.01943
1.05104
1.00212
1.08107
1.00139
1.23802
0.997276
1.00199
0.996339
0.998076
1.00033
0.99651
1.00118
1.44329
1.42942
1.19127
0.999863
1.09328
1.41547
0.996366
1.10631
1.58528
1.12872
1.00647
0.996902
1.0335
1.02012
1.2926
0.998597
1.11755
0.998892
0.99964
1.20981
1.00464
1.29258
1.19408
1.18907
1.00228
1.1564
1.12148
1.09917
1.56351
1.21939
1.29257
1.05527
1.02109
1.31873
1.24464
0.997487
1.35422
0.998446
1.51404
1.08136
0.998519
1.40776
1.02768
1.00232
1.38724
1.20922
1.27546
0.99728
0.996816
1.21473
1.0015
1.00326
1.24641
0.99646
1.16195
1.00075
1.1037
1.36546
1.10774
1.00332
1.39452
1.00854
1.52071
1.23202
1.068
1.45088
1.19308
1.1529
1.4543
0.996887
1.47723
1.13896
1.03525
1.41053
1.17378
1.09558
1.39636
1.05981
1.52659
1.22353
1.04856
1.31218
1.11861
0.997555
1.50323
1.10381
1.46461
1.19555
1.00429
1.48105
1.14204
1.05755
1.41536
1.06045
1.49647
1.20185
1.09347
1.34754
1.19146
1.03083
1.52483
1.11999
1.45497
1.10728
1.02785
1.33227
1.18278
1.01473
1.46729
1.03791
1.47207
1.29455
1.01827
1.29304
1.1246
0.997006
1.44716
1.15413
1.45563
1.19
1.11137
1.30034
1.2752
1.11371
1.40209
1.10252
1.41076
1.10866
1.04184
1.33571
1.10642
1.08285
1.47087
1.17705
1.5098
1.18728
0.995707
1.32463
1.16283
1.07655
1.47572
1.05966
1.4951
1.11684
1.20836
1.35478
1.21403
1.01042
1.39519
1.10856
1.47582
1.17267
1.11648
1.3119
1.10128
1.12296
1.43426
1.01688
1.56127
1.18448
1.00073
1.39906
1.13797
1.07269
1.45957
1.057
1.55897
1.21591
1.04524
1.35352
1.17226
1.0008
1.45011
1.12701
1.38631
1.17405
1.02349
1.46141
0.996096
-0.999167
-1.00028
-0.998376
-0.996805
-0.997806
1.0036
1.34579
0.996854
0.999373
1.44762
1.41346
1.17047
0.999471
1.45965
1.00107
1.16874
0.998198
1.12192
1.066
0.998186
1.00008
1.22924
1.51055
1.12919
1.20123
1.02876
1.02799
1.3385
1.55321
1.3384
1.27975
1.25563
1.23694
0.997794
1.02091
1.28486
1.38712
1.30801
1.20224
1.42965
1.58478
1.13368
1.00013
1.25448
1.53156
1.38197
1.55912
1.3574
1.43429
1.13183
1.30412
1.28793
1.5957
1.43554
1.50728
1.48115
1.29444
1.00512
1.15643
1.31264
1.3882
1.66029
1.46011
1.5081
1.30882
1.1244
1.23492
1.30136
1.44623
1.4306
1.4119
1.45897
1.38766
1.11806
1.22887
1.17417
1.54559
1.46384
1.40041
1.41997
1.27475
1.0447
1.20442
1.36305
1.44574
1.6436
1.46248
1.41223
1.44261
1.04483
1.14426
1.275
1.38413
1.40765
1.62322
1.50163
1.43931
1.07066
1.21848
1.19671
1.48533
1.42751
1.40625
1.52514
1.27174
1.14145
1.20277
1.42613
1.41824
1.65515
1.45625
1.33652
1.40174
1.031
1.14606
1.34467
1.5002
1.48033
1.57408
1.39316
1.38994
1.20741
1.13458
1.15753
1.47114
1.46858
1.43965
1.593
1.34684
1.09417
1.19277
1.29432
1.52953
1.51933
1.44797
1.35687
1.36401
1.01378
1.33791
1.39252
1.51837
1.4477
1.55284
1.37919
1.3159
1.11071
1.12966
1.2687
1.44575
1.56243
1.42548
1.61068
1.23311
1.1298
1.28516
1.25684
1.48138
1.5157
1.37835
1.39087
1.40811
1.08313
1.2449
1.26941
1.43658
1.48217
1.46447
1.34168
1.31212
1.11766
1.17938
1.33214
1.49875
1.56286
1.46448
1.51972
1.32355
0.998543
1.19016
1.2419
1.41984
1.49842
1.57272
1.4288
1.46227
1.00032
1.26229
1.32787
1.40832
1.42833
1.44915
1.46973
1.29692
1.21625
1.18474
1.37559
1.46254
1.54065
1.4672
1.46204
1.30359
1.00013
1.16165
1.3126
1.54681
1.57095
1.54097
1.34537
1.41693
1.0022
-1.00187
-1.00338
-1.00319
-1.44018
-1.00006
1.35611
1.00225
1.80661
1.24639
1.00137
1.50391
1.54702
1.80228
1.16751
1.00323
1.15249
1.18389
1.17721
1.24164
1.51561
1.64585
1.31037
1.23551
1.03537
1.38534
1.55792
1.21899
1.23447
1.51529
1.41746
1.16528
1.29027
1.41117
1.24854
1.41667
1.11641
1.8391
1.31577
1.73634
1.09375
1.49303
1.31791
1.21092
1.38576
1.48257
1.39495
1.00287
1.26068
1.42426
1.31726
1.58539
1.71837
1.91626
1.90274
1.51854
1.56015
1.76165
1.59635
1.77362
1.26282
1.71862
1.72671
1.15271
1.79998
1.72226
1.51116
1.54838
1.59872
1.52908
1.64421
1.56973
0.997833
1.66102
1.52259
1.66387
1.86685
1.72677
1.35002
1.07093
1.36991
1.65851
1.24427
1.43511
1.3562
1.41142
1.51813
1.633
1.51593
2.10248
1.28934
1.22237
1.45043
1.58852
1.39208
1.34644
1.14342
1.61878
1.40747
1.17825
1.46668
1.67332
1.47463
1.67442
1.40381
2.38293
1.45527
1.29116
1.3476
1.65538
1.55643
1.70349
1.52589
1.32883
1.16446
1.14809
1.19914
1.52496
1.39983
1.26242
1.43223
1.50062
1.30568
1.21228
1.1812
1.79131
1.37778
1.36675
1.24147
1.3809
1.14927
1.41067
1.05736
1.69194
1.41472
1.2446
1.72549
1.69615
1.43405
1.71259
1.54641
1.94017
1.63491
1.67921
1.10781
1.41862
1.88302
1.50529
1.57494
1.65053
1.46457
1.05781
1.35129
1.39065
1.45601
1.88889
1.37162
1.52312
1.476
1.84552
1.65027
1.67313
1.62253
1.58891
1.78741
1.81597
1.03382
1.31511
1.28533
1.59926
1.77948
1.47191
1.67778
1.32798
1.5755
1.3064
1.57989
1.80391
1.26994
1.16487
0.996164
1.45212
1.57611
1.51526
1.29085
1.60335
1.52306
1.31384
1.3666
1.56465
1.50424
1.64763
1.45621
1.90336
1.61841
1.45967
1.70735
1.87711
1.24939
1.55349
1.67534
1.47212
1.62845
1.16902
1.19298
1.44691
1.42836
1.44028
1.73336
1.88797
1.00269
-1.00245
-1.00022
-1.00019
-0.999394
-1.0011
0.998763
1.30574
1.43918
0.999422
1.00348
1.00106
1.19277
1.90222
1.86633
2.25299
1.84769
1.57476
2.05361
2.0967
1.74075
1.94272
1.8427
1.67436
1.08417
1.68065
1.33377
1.33162
1.43588
1.66509
1.60874
1.61711
1.40039
1.72838
1.55091
1.5554
1.48691
1.81421
1.61935
1.50436
1.34926
1.63225
1.41976
1.39852
1.69481
1.86255
1.79107
1.41833
1.15101
1.74232
1.46914
1.48402
1.71111
1.97081
1.58864
1.51874
1.37973
1.79562
1.60532
1.2829
1.32339
1.76117
1.72795
1.54777
1.48938
1.7443
1.52847
1.56012
1.68708
2.00117
1.71653
1.41116
0.998843
1.51755
1.53826
1.51415
1.69205
1.98008
1.61215
1.69768
1.45391
1.58977
1.51255
1.36352
1.33711
1.72761
1.66192
1.47242
1.48487
1.61482
1.47284
1.58437
1.69948
1.97497
1.79665
1.5836
1.10995
1.54794
1.45893
1.48709
1.63034
1.66727
1.58479
1.54506
1.4923
1.80051
1.64025
1.47897
1.48152
1.91411
1.68232
1.59701
1.40906
1.62145
1.34251
1.3754
1.71047
1.97402
1.77152
1.57663
1.14865
1.71333
1.53064
1.30086
1.58222
1.80466
1.56863
1.49842
1.46482
1.72412
1.65334
1.31464
1.40924
1.96219
1.66428
1.56204
1.47947
1.76581
1.40177
1.44109
1.65147
1.93581
1.70434
1.30663
1.0591
1.58147
1.5668
1.49669
1.69864
1.91613
1.71845
1.67568
1.42599
1.81317
1.5619
1.36145
1.27426
1.6673
1.68986
1.56002
1.50661
1.77898
1.44512
1.61235
1.6872
1.74262
1.66725
1.43461
1.07597
1.56145
1.54248
1.43313
1.71976
1.79671
1.65484
1.71774
1.41816
1.7927
1.62803
1.51256
1.36279
1.72671
1.64102
1.5176
1.44694
1.51848
1.41148
1.4804
1.74281
1.96654
1.78171
1.51562
1.21999
1.71769
1.52322
1.50454
1.64915
1.78463
1.51614
1.45583
1.43361
1.8194
1.64913
1.49794
1.38781
1.90747
1.67431
1.33156
1.34926
1.63225
0.998699
-0.998843
-1.15885
-0.997877
-1.00105
-0.999519
0.999248
0.99911
1.00138
0.999071
0.996385
1.25038
0.996292
1.00069
1.31115
1.61786
1.1069
0.996721
1.00241
1.00119
1.0788
1.35361
1.11403
1.6084
1.19303
1.18477
1.42525
1.03989
1.22807
1.32172
1.10726
1.41593
1.62199
1.39553
1.56798
1.50978
0.997844
1.1025
1.01271
0.998397
1.07211
1.172
1.00713
1.05064
1.55944
1.2872
1.22624
1.46983
1.31997
1.40032
1.45743
1.07321
1.5553
1.06757
1.00089
0.997727
1.33601
1.14467
1.40926
1.08027
1.53389
1.31063
1.18822
1.19158
1.03504
1.49217
1.00386
1.35182
1.03472
0.998869
1.36399
1.29964
1.51039
1.2192
1.27317
1.25535
1.73877
1.32013
1.00246
1.00158
1.47564
0.998471
1.05567
1.00203
0.999805
1.29355
1.27216
1.05771
1.49725
1.63358
1.24362
1.0665
1.23656
1.29462
1.27461
1.24073
0.995707
1.12182
1.59858
1.21876
1.89034
1.44627
1.00242
1.15448
1.58983
1.42615
1.23456
1.21569
1.43268
1.36391
1.31592
1.18555
1.33813
1.09129
1.38897
0.999863
1.45633
1.23762
1.22701
1.19087
1.02656
1.27974
1.37644
1.07316
1.10856
1.17719
0.997178
0.995995
1.51747
1.37064
0.996813
1.27513
1.42394
1.36322
1.1709
0.997482
1.34701
1.08166
1.06428
0.998436
1.29527
0.995724
1.4312
1.3651
1.53117
1.34602
1.24665
1.12215
1.29902
1.66368
1.10162
1.21968
1.20556
0.998232
1.21082
1.09274
1.33691
1.2126
1.33574
1.01039
1.68941
1.17847
0.995727
1.09049
1.55538
1.11456
1.39792
1.22932
0.998034
1.00501
1.37279
1.00504
1.19458
1.42818
0.997154
1.30188
1.41509
1.46803
1.20146
1.237
1.0693
1.04682
1.35498
1.00491
1.51581
1.53268
1.30584
1.30858
1.86054
1.22057
1.1198
0.998421
1.39292
1.11701
1.12378
1.00235
1.01773
1.32429
1.32995
1.33414
1.66536
1.14539
1.26021
1.19493
1.00176
1.12424
1.22747
1.13562
1.1974
1.02255
1.00292
-0.997517
-0.996546
-0.998631
-0.999885
-1.00224
1.04017
1.38121
1.32103
1.05991
1.38214
1.29216
1.50555
1.86355
1.45693
1.00396
1.03743
0.99868
1.2011
1.47557
1.23148
1.63845
1.33971
1.47192
1.10498
1.25396
1.29881
1.41377
1.43557
2.53013
2.01099
1.7315
2.01265
1.89619
2.02755
1.81361
1.74053
1.94909
1.72427
1.95212
1.61565
1.9894
1.52792
1.71926
1.77155
2.07314
1.80126
1.87175
1.57416
2.06679
1.70939
2.01413
2.1137
2.11592
1.64074
1.75256
2.32673
2.08927
1.96551
1.95944
1.82424
1.99418
2.05748
1.7764
1.88794
2.06746
1.56687
1.97444
2.21221
1.99261
1.71379
1.75552
1.64766
2.12143
1.87027
1.8712
1.93098
2.0009
1.72561
1.83572
2.04701
1.76463
1.31623
1.89011
1.55493
1.92961
1.79789
1.82205
1.48636
2.04987
1.55076
1.51669
1.601
1.8238
1.4405
1.89159
1.89621
2.20134
1.94214
1.70616
2.04598
2.0039
1.57166
1.82133
1.89638
1.82274
1.85373
1.70492
1.81362
1.91393
1.68077
1.9304
1.86438
2.05047
1.28609
1.75058
1.72639
2.08273
1.88225
1.8989
1.81311
2.05358
2.0221
1.83426
1.83795
1.91191
1.29774
1.95807
1.83419
1.985
1.67012
1.98138
1.41254
2.12959
1.94626
1.91743
1.62544
1.95581
1.48637
1.98534
2.08844
2.14169
1.80571
1.74453
1.92146
2.1228
1.70433
1.65026
1.62259
1.71841
1.77378
1.69482
1.92624
1.79915
1.81311
1.903
1.86948
2.04355
1.60492
1.849
1.55749
1.98178
1.72005
1.73654
1.91563
2.05029
1.94104
1.89262
1.88892
2.09114
1.82873
1.98445
1.68315
2.00518
1.58398
1.85551
1.67804
2.08328
1.83446
1.93038
1.51982
2.08155
1.66668
2.00244
2.10425
2.09896
1.60742
1.68131
2.26461
2.18165
1.87257
1.99083
1.82274
1.99418
2.07269
1.80495
1.86094
1.99481
1.55274
1.89665
2.12027
1.89263
1.75024
1.6602
1.50887
1.93151
1.80551
1.87593
1.72698
2.06639
1.41506
-1.0024
-1.0029
-1.06127
-1.0017
-0.999005
1.05942
1.37991
1.00257
1.00286
1.00102
0.99923
1.00042
1.12432
1.61009
1.80201
2.29022
1.59358
1.72517
1.93584
1.84938
1.56759
1.94167
1.42407
1.67186
1.16205
1.26539
1.20295
0.997995
1.47786
1.38296
1.38206
1.12568
1.29062
1.4539
1.30084
1.50824
1.69872
1.75315
1.89816
1.66376
1.69316
2.08762
1.92409
1.67959
2.06852
2.10276
1.955
1.97528
1.7188
1.84375
1.80877
1.93704
2.11079
1.99437
1.78261
1.82281
1.8682
1.86709
1.84149
1.5055
2.09859
1.89631
1.99408
1.93844
1.88792
1.98906
2.30826
2.20045
1.80331
1.93187
1.85136
1.91034
1.99066
1.82012
1.8966
2.1115
2.00339
2.01432
1.75456
1.57042
1.89276
1.9231
2.09783
1.75058
1.86891
2.02104
2.03358
1.9526
2.17848
2.0294
1.88076
1.85432
1.91756
1.80372
1.84227
1.79149
1.84266
1.90764
1.65402
1.9575
1.7872
1.84008
1.82722
1.77912
2.06802
1.85938
1.81178
2.13994
2.01442
1.80387
2.03042
2.22539
1.84547
1.78839
1.75374
1.98271
2.06775
1.97536
1.95658
2.14869
2.02703
1.86781
1.85764
1.66078
1.90882
1.8096
2.14257
1.95943
1.94158
2.00019
2.05115
1.85202
2.2342
1.99226
1.6031
1.89814
1.78099
2.07724
2.06961
1.88695
2.09989
2.2574
2.02242
1.85064
1.77963
1.74595
2.07535
1.88072
2.11026
1.88878
1.77506
2.27731
1.9902
1.82004
1.84725
2.06741
2.00323
1.85955
1.82042
1.69303
2.00603
2.04282
1.94717
1.82539
1.73699
1.85015
1.90474
1.79402
1.85972
1.69974
2.09962
1.92255
1.92284
2.00625
1.88741
1.94679
2.42377
2.17235
1.71157
1.76832
1.81762
1.89373
1.80318
1.86658
1.82978
2.12812
1.91976
1.76287
1.73994
1.77955
1.76812
1.75145
2.29339
1.95704
1.7922
2.16814
2.13995
1.93132
2.16286
1.91095
1.84601
1.9504
1.94354
1.8974
1.89761
1.8156
1.98236
2.06445
2.00763
1.2319
-1.00113
-0.996381
-0.998307
-0.996898
-0.999994
1.00048
1.26281
0.996941
1.16225
0.999431
1.00249
0.999781
1.69582
1.58206
1.69193
1.26336
1.22432
1.28425
1.44525
1.44486
1.65941
1.56669
1.6129
1.58777
1.58642
1.04795
1.0039
1.33454
1.38571
1.34019
1.01533
1.28186
1.35151
1.08158
1.06272
1.18422
1.41301
1.12858
1.05912
1.12196
1.30276
1.31384
1.40326
1.31847
1.2978
1.2956
1.2951
1.15895
1.48917
1.07681
1.04345
1.22844
1.60548
1.32777
1.24873
1.1319
1.45778
1.03848
1.01524
1.22155
1.63546
1.39052
1.28381
1.11869
1.39122
1.00143
0.998446
1.26264
1.34088
1.36131
1.34623
1.04302
1.33974
1.34813
1.09555
1.33449
1.53581
1.35093
1.29504
1.13957
1.24356
1.15705
1.15664
1.20764
1.81345
1.45899
1.39185
1.00048
1.33015
1.05607
1.08942
1.42479
1.45949
1.30442
1.07384
1.12026
1.08164
0.996988
1.00471
1.14275
1.47577
1.29788
1.11854
1.13006
1.32639
1.02847
1.11923
1.27036
1.4669
1.1179
1.20336
1.15696
1.27169
1.1345
1.02803
1.48059
1.69253
1.43383
1.08957
1.09535
1.4368
1.20911
1.05381
1.16007
1.52551
1.18605
1.25094
1.04619
1.41072
1.12643
1.2437
1.08835
1.48758
1.16634
1.34364
1.24392
1.29369
1.13524
1.01535
1.20033
1.2425
1.32515
1.27757
1.14233
1.39249
1.03252
1.06922
1.44494
1.52103
1.23212
1.31862
1.0844
1.46649
1.10626
1.06597
1.32252
1.54317
1.02809
1.45278
1.31909
1.51621
1.05015
0.998204
1.35983
1.50154
1.45909
1.23573
1.0157
1.15745
1.10639
0.996528
1.09662
1.44026
1.17104
1.31937
1.0843
1.33251
1.16703
1.00007
1.12369
1.51367
1.34169
1.16881
1.09897
1.40682
1.24111
1.0323
1.26719
1.2745
1.42148
1.44624
1.08705
1.28879
1.16009
1.20437
1.41697
1.65088
1.17837
1.26288
1.04906
1.25725
0.997604
1.14842
1.2868
1.56004
1.17171
1.19876
1.24703
1.50701
0.999455
-1.00019
-0.999174
-1.19564
-0.999569
-0.996773
0.996808
1.00124
0.999692
1.00001
1.11274
1.45721
1.00343
1.00191
1.0012
1.41256
0.998678
1.0029
0.998309
1.06479
1.00301
1.04212
0.998482
0.998185
1.00567
1.00229
0.997715
0.998552
0.998243
1.0012
1.00279
0.999925
0.999154
1.00102
1.00147
0.996219
0.999855
0.998869
1.00324
1.00173
1.00115
0.998438
1.00069
1.00428
1.03801
1.0031
1.17861
1.17261
1.3702
1.12775
1.00391
1.00281
1.21336
0.997439
1.00383
0.999487
1.11528
1.24844
1.23968
1.1749
1.56192
1.29697
1.29169
1.05467
1.19315
1.25618
0.998816
1.25108
1.06962
1.24496
1.28983
1.05056
1.29649
1.11521
1.0304
0.997539
1.34848
1.18417
0.998861
0.99713
1.43589
1.00579
1.05287
0.997481
1.00192
1.18026
1.29996
1.18024
1.30243
1.23379
1.23843
1.16371
1.20018
1.08057
0.999479
1.05501
1.03546
1.1063
1.26987
0.999789
1.3136
1.1281
0.998125
1.17924
1.55488
1.16331
1.20642
1.0626
1.18605
1.02103
0.998117
1.00016
1.00087
1.06489
1.10833
1.28479
1.13597
1.34732
1.1242
1.12339
1.01402
1.12313
1.07008
1.09213
1.00447
1.21389
1.28689
1.00494
1.22894
1.16449
1.07572
1.16551
1.2965
1.37049
1.11699
1.15312
1.30881
0.997654
1.00277
1.03927
1.00269
1.02258
1.07941
1.00409
1.12348
1.20945
1.12468
1.14853
1.24183
1.32556
1.00432
1.0159
0.998372
1.0024
1.08495
1.00364
1.40234
1.08393
0.998969
1.15935
1.42289
1.22578
1.00318
1.06932
1.08854
1.00389
0.999767
1.00175
1.0038
1.04672
1.33666
1.26732
1.26801
1.2616
1.27545
1.2048
0.997707
1.20531
1.18196
1.3891
1.04296
1.14861
1.14728
0.997049
1.31893
1.24486
0.997378
1.09762
1.21388
1.22757
1.04625
0.996883
1.37675
0.99919
1.06873
1.20949
1.05998
1.02626
1.07146
1.16364
1.24062
1.32437
1.47633
1.31623
1.01676
1.2119
0.998608
1.07328
0.996995
1.01814
1.00387
-1.00119
-1.00218
-1.01835
-1.33342
-1.00272
1.06068
1.27591
2.03005
1.00135
1.3374
0.998748
0.9978
1.10005
1.54407
0.998976
1.55738
1.22548
1.77916
1.60196
2.1473
1.77085
1.73309
1.46544
1.11105
1.00152
1.80156
1.35814
1.67249
2.57153
1.99668
1.68182
1.70305
1.71265
1.75405
1.69465
1.73335
1.48542
1.37535
1.66732
1.48016
1.83364
1.62671
1.5047
1.40624
1.84485
1.61211
1.32124
1.26753
1.72596
1.61469
1.36187
1.70684
1.76466
1.84458
1.44999
1.77666
1.74149
1.72092
1.70923
1.75237
1.70156
1.67263
1.59491
1.79436
1.76025
1.6016
1.64297
1.79008
1.82695
1.54306
1.53246
1.41634
1.74408
1.76943
1.61562
1.72211
1.72518
1.72223
1.52235
1.75469
1.59739
1.33976
1.79549
1.53469
1.7481
1.78806
1.62252
1.48098
1.92321
1.69897
1.5781
1.45271
1.85781
1.71564
1.69189
1.92863
1.81991
1.73479
1.44412
1.93307
1.88536
1.64019
1.69037
1.66859
1.7384
1.6843
1.64829
1.78373
1.6612
1.69084
1.64021
1.81506
1.86083
1.45603
1.48222
1.37488
1.75457
1.76358
1.73156
1.74479
1.66167
1.77519
1.51978
1.78044
1.65264
1.31788
1.73769
1.5346
1.71177
1.74797
1.69034
1.50182
1.88739
1.76812
1.56336
1.45429
1.87871
1.65974
1.64733
1.94332
1.78258
1.71227
1.5611
1.94
1.85738
1.69027
1.64795
1.66159
1.77073
1.60992
1.5836
1.82575
1.69888
1.63851
1.70208
1.82
1.78911
1.53461
1.49319
1.41741
1.79013
1.66449
1.66125
1.6995
1.6576
1.78481
1.5965
1.78959
1.59852
1.36392
1.72971
1.52374
1.78233
1.65852
1.59641
1.48575
1.90122
1.75363
1.62445
1.46233
1.8254
1.74133
1.59425
1.93887
1.88801
1.6738
1.44977
1.90013
1.83593
1.68279
1.74027
1.7154
1.72602
1.67338
1.53331
1.79436
1.76025
1.6016
1.64297
1.79008
1.82695
1.54306
1.53246
1.41634
1.74408
1.76943
1.61562
1.72211
1.72518
1.2825
-0.998115
-0.996369
-0.998273
-0.998375
-1.00064
0.999692
1.35459
1.43073
1.2116
1.12306
0.999305
1.00298
1.05987
1.32846
1.00177
1.04944
1.15461
1.63909
1.856
1.06324
1.49206
1.40506
1.82827
1.57409
1.65759
1.28382
1.35548
1.2939
1.43872
1.15077
1.506
1.41949
1.0901
0.99891
1.00152
0.997841
1.2637
1.1152
1.31291
1.23538
1.43334
1.4012
1.35745
1.3092
1.39125
1.38671
1.05491
0.997421
1.36327
1.29675
1.39142
1.25002
1.15712
1.51846
1.62902
1.09263
1.2494
1.10981
1.39412
1.1771
1.70411
1.51133
1.42042
1.46131
1.45399
1.15396
1.72691
1.49342
1.128
1.16225
0.996541
1.12647
1.57424
1.29821
1.29739
1.366
1.37874
1.11564
1.41134
1.00299
1.12971
1.08988
1.48661
1.20553
1.35938
1.35486
1.35934
1.2671
1.63495
1.4637
1.23742
1.32485
1.00241
1.19944
1.24225
1.15712
1.47245
1.45549
1.33621
1.12075
1.14821
1.06919
1.56589
1.02006
1.28274
1.0787
1.20675
1.47985
1.57463
1.14135
1.44201
1.55201
1.26396
1.05552
1.268
1.41021
1.22232
1.00254
1.34768
1.31729
1.37036
1.25697
1.28643
1.03895
1.34679
1.13021
1.6283
1.25833
1.19222
1.09793
1.17811
0.997285
1.47743
1.46584
1.01254
1.00403
1.00426
1.198
1.44854
1.24747
1.41822
1.26077
1.12501
1.0525
1.27099
1.12838
1.1587
0.998395
1.29489
1.16988
1.21625
1.21698
1.28867
1.18199
1.53822
1.48893
1.29281
1.24996
1.15847
1.11141
1.25343
1.10684
1.2702
1.45548
1.11987
0.999184
1.12742
1.13154
1.39537
1.17239
1.60513
1.27335
1.20288
1.34478
1.49284
1.50745
1.44479
1.4031
1.08197
1.09256
1.30898
1.26019
1.35727
1.17839
1.33882
1.28588
1.22323
1.32674
1.08337
0.998601
1.2319
1.01249
1.58822
1.26875
1.30723
1.53112
1.46873
1.25762
1.76333
1.57927
1.07955
1.22817
1.28655
1.25359
1.51148
1.20469
1.38299
1.39482
1.33466
0.999802
-1.17429
-0.999594
-1.08664
-0.999242
-1.00196
1.10072
1.37678
1.11286
0.999432
0.998678
0.998516
1.00096
1.33273
1.60452
2.03927
1.98543
1.8108
2.25227
2.16962
1.84368
1.94002
1.82679
1.83528
1.77684
1.61678
1.76559
1.5766
1.53959
1.97896
1.91233
1.45556
1.42089
1.72662
1.65474
1.40151
1.70054
1.69697
1.92781
1.62107
1.31622
1.73673
1.69849
1.38311
1.59304
1.75144
1.85242
1.6008
1.77362
1.87256
1.67665
1.52108
1.81866
1.85826
2.07316
1.72694
1.58084
1.75197
1.6915
1.5933
1.71388
1.94376
1.91159
1.74722
1.59608
1.80818
1.81771
1.46309
1.82112
2.10047
1.76158
1.5913
1.45219
1.74773
1.76209
1.5968
1.82053
1.95405
1.86586
1.77636
1.59158
1.85225
1.78087
1.6485
1.84358
1.96125
1.82259
1.52917
1.49013
1.79101
1.79151
1.48638
1.72988
2.10369
1.92025
1.56305
1.76876
1.74111
1.64317
1.55508
1.66993
1.85318
2.11756
1.5917
1.59522
1.70942
1.68082
1.57206
1.78862
2.10956
1.8905
1.55902
1.47946
1.731
1.94074
1.49264
1.76754
1.98533
1.90035
1.67
1.5363
1.7121
1.78159
1.68392
1.67845
1.99657
1.9821
1.59766
1.57054
1.91535
1.77744
1.52774
1.81566
1.90039
2.04563
1.49231
1.46801
1.73012
1.83806
1.69671
1.65379
2.09497
1.84833
1.6506
1.72964
1.7638
1.8276
1.49834
1.70747
2.02074
1.98368
1.56011
1.47864
1.78805
1.75717
1.59908
1.68279
1.96229
1.95578
1.72776
1.48693
1.76793
1.85904
1.52085
1.79898
1.99521
1.93419
1.57217
1.64188
1.83641
1.71769
1.65186
1.61855
2.00299
2.07679
1.56285
1.5657
1.7584
1.80402
1.61961
1.82171
1.93974
1.98503
1.64359
1.56464
1.74119
1.76211
1.60244
1.68622
2.17165
1.80085
1.62121
1.66314
1.72922
1.90411
1.46927
1.74482
1.93472
2.01563
1.64559
1.45157
1.73946
1.6974
1.65061
1.75874
1.96363
1.95888
1.60495
1.52419
1.87376
1.00376
-0.998582
-1.27762
-1.00197
-1.00215
-1.0017
1.00237
1.00241
1.00211
1.00265
1.27458
1.37596
1.00162
1.13636
1.36597
1.44412
1.59848
1.3063
1.5998
1.40298
1.82309
2.0818
1.30375
1.09052
1.58513
1.637
1.41218
1.27902
0.997517
1.24224
1.22288
1.27922
0.996659
1.19777
1.20099
1.24973
1.3496
1.44356
1.14327
1.33719
1.29108
1.19822
1.27486
1.11511
1.25816
1.28856
1.08948
1.29497
1.54316
1.3327
1.07787
1.07095
1.31313
1.19789
1.1882
1.06446
1.10829
1.37113
1.54976
1.28966
1.36929
1.35505
1.40332
1.19875
1.12292
1.30004
1.2754
1.27598
1.22105
1.43639
1.41589
1.00119
1.36257
1.22253
1.08555
1.10748
1.495
1.35766
0.998691
1.00284
1.29981
1.16799
1.17339
1.10201
1.32772
1.17306
1.30275
1.19898
1.49178
1.46035
1.64024
1.32148
1.18155
1.19509
1.03222
1.14721
1.19201
1.25151
1.10768
1.07241
1.37465
1.35102
1.38641
1.23913
1.49027
1.50087
1.24638
1.07562
1.25843
1.0945
1.16308
0.999674
1.17401
1.31299
1.36415
1.03731
1.26656
1.36152
1.389
1.14574
1.22496
1.29017
1.15727
1.31558
1.42612
1.23531
1.26206
1.00394
1.43218
1.49567
1.14545
1.09691
1.57924
1.48355
1.32821
1.30487
1.34203
1.10285
1.06334
0.99527
1.123
1.06053
1.19112
0.995751
1.3598
1.42754
1.37732
1.25264
1.21019
1.34093
1.42066
1.30388
1.15524
1.26077
1.41582
1.11725
1.73247
1.45999
1.12288
1.03463
1.33889
1.47136
1.10858
0.996927
1.20796
1.1276
1.13283
1.05405
1.42212
1.18954
1.34049
1.19732
1.53178
1.3486
1.42582
1.14898
1.09149
1.49791
1.26176
1.41228
1.20706
1.1413
1.141
1.03507
1.57447
1.30556
1.04795
1.01701
1.43217
1.38385
1.30403
1.06798
1.27009
1.20559
1.07545
1.15526
1.00397
1.20874
1.52778
1.25471
1.54484
1.58392
1.53421
1.10731
1.25577
1.2367
1.13684
1.21057
0.995763
1.20224
1.00149
-0.998785
-0.9967
-0.997991
-1.00086
-1.00235
1.09074
1.53545
1.57495
1.63549
1.39354
1.32541
0.996192
1.98448
0.998449
1.02075
2.20272
1.21725
2.39378
1.77229
2.12487
1.63238
2.30592
1.21471
1.25629
0.995703
1.47244
0.9981
1.97064
1.98207
1.98578
1.06757
1.67949
1.29746
1.98864
1.09241
1.90421
1.40516
1.33079
1.04744
1.88738
1.23725
2.075
1.53934
1.4464
1.4646
2.10914
1.21856
1.75385
1.40546
1.75719
1.24477
2.37234
1.54452
2.22556
1.18576
1.90573
1.5455
1.84577
1.00248
1.88228
1.20305
1.70384
1.12797
2.11759
1.30289
1.99407
1.47023
1.73687
1.35493
1.7032
1.02259
1.67223
1.42535
1.76771
1.16648
2.03981
1.54979
1.94798
1.43916
1.60917
1.36966
1.57105
1.01127
1.78963
1.44894
1.8053
1.35894
1.9542
1.48363
1.96273
1.19119
1.75514
1.87682
2.14317
1.14321
2.34776
1.8601
1.66717
1.26062
2.23808
1.28373
1.72289
1.05941
1.69208
1.30435
2.01832
0.999962
1.98144
1.58582
1.99448
1.20354
2.04087
1.26175
1.45354
1.1272
1.34785
1.27715
1.98377
1.04145
1.97877
1.61516
1.86914
1.04855
1.79343
1.002
1.33861
1.07302
1.24815
1.08294
2.0772
1.11926
1.84033
1.56094
1.87275
1.01378
1.81306
1.06325
1.73273
1.2859
1.90468
1.52196
2.13846
1.01942
2.2284
1.42815
1.73118
0.999313
1.69848
0.998056
2.02352
1.21435
1.75314
1.50196
2.05234
1.22447
2.05708
1.57657
1.44159
0.997938
1.72477
1.07713
1.58873
1.13397
1.60436
1.34334
2.13334
1.17377
1.73843
1.42846
1.49618
1.30453
1.65203
1.23248
1.75346
1.49387
1.47244
1.45191
2.06912
0.998762
1.56459
1.38485
1.46596
0.998443
2.07823
1.27257
1.96263
1.18883
2.01891
1.31664
1.72665
0.999053
1.90134
1.30466
1.88707
1.05303
2.05774
1.11082
1.90261
1.30067
1.71448
1.43172
1.85979
1.00273
1.72975
1.74568
1.90998
0.997126
2.19843
1.39567
1.40581
-0.99822
-0.998328
-1.00117
-0.995675
-0.9983
0.998129
1.00598
1.00156
1.06347
1.367
0.997639
1.37058
1.27387
1.07659
1.63908
1.85996
1.50948
1.5741
1.84712
1.44482
1.60884
1.00308
1.72531
1.04166
1.1066
0.998059
1.504
1.06004
0.997407
1.37996
1.2663
1.71306
1.68756
1.14331
1.0323
1.56735
1.95661
1.57999
1.6442
1.32841
1.02071
1.42613
1.66475
1.13943
1.18643
1.33405
1.13916
1.15836
0.997681
1.19301
1.18734
1.21158
1.21836
1.28432
1.34534
1.00155
1.00037
1.00607
1.20492
1.00344
1.29292
1.14459
1.03321
1.34088
1.06699
1.2618
1.6466
1.34758
1.07644
1.09399
0.998929
1.21038
1.31355
1.14937
1.17262
1.26306
1.25497
1.20404
1.13213
0.997919
1.17428
1.3329
1.44611
1.11396
1.13829
1.19393
1.30309
1.16471
1.24577
1.43554
1.31155
1.21667
1.21685
1.26779
1.16421
1.0758
1.16972
1.34039
1.15549
1.00352
1.10558
1.17071
1.36462
0.997203
1.16913
1.31366
1.19854
1.27876
1.34819
1.10986
1.36845
1.34081
0.997848
1.26224
1.14802
1.00251
1.2825
1.21827
1.24701
1.24992
1.25927
1.17791
1.19588
1.0762
1.12182
1.08843
1.36016
1.05158
1.05666
1.31903
1.325
1.25663
1.65313
1.36526
1.00927
1.27844
1.07063
1.06759
1.19915
1.04081
1.20522
1.3767
1.21184
1.09466
1.03549
1.07393
1.29609
1.18424
1.29545
1.10651
1.24973
1.38025
1.22557
1.26831
1.35258
1.40728
1.26983
1.0446
1.00384
1.04724
1.21774
1.37185
1.55722
1.21497
1.16111
1.21254
1.07682
1.08226
1.09735
1.00359
1.3552
1.09853
1.1765
1.32476
1.29373
1.18947
1.47933
1.59048
1.11602
0.996706
0.996426
1.12003
1.16725
1.11706
1.10636
1.38447
1.36256
1.02413
1.03848
1.11347
1.09916
1.10777
1.46312
1.19621
1.09874
1.22053
1.28155
1.22094
1.49466
1.2226
1.01738
1.23729
1.17675
1.06878
1.30219
1.24491
1.39671
1.4701
1.00478
0.997466
-0.995845
-0.998859
-0.998408
-0.998122
-0.999783
0.999777
1.00051
1.00334
0.997414
1.10047
1.46688
1.51861
2.22139
2.21839
2.04136
1.40436
0.999108
2.00136
1.41502
1.67583
1.96434
1.99936
1.6401
1.80754
1.00061
1.70412
1.62078
2.04238
2.12135
1.63962
1.87743
1.82409
1.99024
1.64853
1.82569
1.93244
2.48226
2.1704
1.98171
1.46349
1.99701
1.91366
1.5469
1.79656
2.11111
2.22886
2.20607
2.1491
2.27341
2.19137
2.07412
2.38772
2.528
2.42466
2.19884
2.0173
2.53215
2.40101
2.06364
2.50163
2.55713
2.57715
2.3157
1.88719
2.28048
2.22024
2.00981
2.44916
2.50377
2.35246
1.97286
2.12101
2.60982
2.35568
1.90621
2.29494
2.43103
2.67825
2.07629
1.95508
2.26182
2.30546
2.06839
2.15361
2.51667
2.50987
2.28562
2.20465
2.31596
2.38543
1.94607
2.31658
2.64475
2.42681
2.00446
2.20128
2.42509
2.27583
2.03322
2.10801
2.47945
2.55769
2.1039
1.96602
2.47473
2.26063
2.13888
2.40931
2.46061
2.35046
2.20022
1.97945
2.39894
2.27705
2.07675
2.38986
2.566
2.52386
2.13205
1.96935
2.36892
2.25168
2.1205
2.20589
2.54119
2.45552
2.22055
2.08344
2.47691
2.22247
2.08596
2.30587
2.46007
2.34039
1.82521
1.93306
2.37479
2.20766
1.93083
2.25182
2.51468
2.6572
2.13978
2.00367
2.3091
2.363
2.11079
2.24947
2.43561
2.4435
2.06171
2.13506
2.59426
2.13853
1.93312
2.25451
2.63793
2.47041
2.24437
1.94675
2.48568
2.23843
2.10094
2.09133
2.56196
2.22826
2.05474
2.06275
2.33016
2.38765
2.02683
2.53388
2.45658
2.40808
2.1912
2.05446
2.49487
2.28145
2.07269
2.15265
2.48405
2.64909
2.40768
1.94897
2.24737
2.20482
2.08208
2.35663
2.47714
2.4207
2.20248
2.14385
2.4521
2.26884
1.96231
2.05704
2.45743
2.43975
2.20093
1.87263
2.34719
2.19367
2.0095
2.15436
2.43435
2.46973
2.12386
2.05149
2.31571
1.32971
-0.999386
-1.00007
-0.997393
-0.995485
-1.00423
0.997896
1.00241
0.998545
1.14065
1.25175
1.09005
1.15205
1.48019
1.44663
1.40788
1.63057
1.67869
1.31395
1.23089
1.28563
1.76413
1.34636
1.31772
1.3656
1.19788
1.17655
1.68319
1.38967
1.68857
1.54404
1.55741
1.36177
1.66143
1.72826
0.99858
1.1729
1.0628
1.12192
1.58269
1.00215
1.3233
1.55317
1.00371
1.3162
1.67543
1.12863
1.27715
1.2743
1.55074
1.26581
1.41862
1.76014
1.73307
1.25288
1.09124
0.996147
1.4363
1.70861
1.34986
1.21006
1.55134
1.31755
1.29978
1.40178
1.81544
1.67223
1.27162
1.00094
1.20451
1.39859
1.15757
1.2921
1.42216
1.00077
0.99743
1.24917
1.86325
1.59647
1.05814
1.06527
1.23013
1.6228
1.17525
1.04965
1.05593
1.53939
1.26515
1.55179
1.61301
1.67385
0.997961
1.02221
1.37959
1.23525
1.22961
0.998532
1.07514
1.29175
1.03171
1.53835
1.49706
1.29607
1.05729
1.0271
1.47886
0.996546
1.0506
1.00304
1.00022
1.05589
1.0005
1.1545
1.5111
1.54722
1.43013
1.42629
1.63555
1.65925
1.30907
1.54461
1.14298
1.09551
1.61894
1.18611
1.44455
1.30795
0.997464
1.10111
1.27523
1.00209
1.00873
1.53708
1.15034
1.25876
1.08433
1.42542
1.24873
1.00235
0.996896
1.08776
1.6523
1.61992
1.1515
1.39978
1.03923
1.24858
1.60426
1.28162
1.75553
1.27305
1.45902
0.997952
1.47557
1.36914
0.998765
1.10924
1.00013
1.00446
1.42332
1.22419
1.58911
1.20258
0.998527
1.01717
1.38935
1.24572
1.1232
1.13371
1.32327
1.66202
1.30161
1.35841
1.59084
1.74133
1.00287
1.00284
1.20266
1.00219
1.00212
0.996515
1.16765
1.26935
1.00004
1.13249
1.44537
1.20852
1.07799
1.26612
1.62043
1.45856
0.998399
1.16199
1.18327
1.24425
1.16906
1.41147
1.27364
1.57562
1.19392
1.06074
1.51603
1.49006
1.37392
1.0823
1.20331
1.30618
1.16057
1.22452
1.17893
1.00225
-0.99868
-0.999262
-0.999423
-1.00172
-1.00276
1.00111
1.00058
1.35645
1.10267
1.38869
1.00159
1.49613
1.25378
1.00315
1.00082
1.28263
1.11113
1.81533
1.44074
1.66107
1.52472
1.33686
1.41962
1.00386
0.9982
1.59662
1.29841
1.23183
2.15302
1.86128
1.21485
1.38752
1.54025
1.69294
1.15125
1.20369
1.01362
1.24516
1.54711
1.16305
1.15684
1.69873
1.1671
0.998173
1.62479
1.51149
1.00289
1.00213
1.18195
1.61023
1.63324
1.65598
1.70425
1.53149
1.25384
1.54133
1.64106
1.55007
1.30949
1.20052
0.996777
1.52249
1.48949
1.55591
1.40263
1.56449
1.21987
1.68025
1.66726
1.28586
1.12701
1.30701
1.29308
1.65606
1.26494
1.47122
1.1189
1.72787
1.27286
1.45731
1.51178
1.19734
1.22882
1.25692
1.21653
1.41526
1.7263
1.38666
1.77958
2.01569
1.40872
1.50353
1.72649
1.55327
1.12311
1.61137
1.11147
1.70667
1.6087
1.44934
1.50013
1.56884
1.3644
1.48994
1.33768
1.4841
1.19593
1.41201
1.24612
1.3418
1.47189
1.4611
1.31697
1.23016
1.11872
1.00067
1.29934
1.27833
1.28292
1.61618
1.10086
1.5587
1.45667
1.40024
1.32923
1.38409
1.48368
1.47036
1.34914
1.25232
1.34944
1.02687
1.48618
1.63276
1.50153
1.22781
1.27936
1.44091
1.19001
1.23077
1.39477
1.17316
1.13947
1.55782
1.3574
1.32192
1.46791
1.40407
1.13834
1.421
1.20704
1.61631
1.30121
1.30516
1.26076
1.44614
1.53092
1.31794
1.31271
1.02315
1.16557
1.6518
1.00288
1.60013
1.29161
1.2461
1.09836
1.24118
1.00087
0.99916
1.56278
1.26303
1.38915
1.69171
1.49117
1.04916
1.54003
1.53634
1.35713
1.00931
1.40316
1.30403
1.50481
1.65844
1.24397
1.61254
1.11977
1.57732
1.49149
1.51317
1.0922
1.71526
1.25941
1.72423
1.357
1.40566
1.12283
1.58814
1.38967
1.23791
1.28577
1.00201
0.997646
1.1547
1.40315
1.47189
1.20568
1.51694
1.06623
1.19749
-1.00353
-0.999075
-0.999986
-0.998513
-0.996893
1.50548
1.08228
0.999619
0.998624
1.11582
0.996548
1.5299
1.23926
1.89455
2.02549
2.21759
1.92362
1.96411
2.09082
1.95067
1.61223
1.71399
1.14514
1.78966
1.193
1.27996
1.00225
1.00457
1.48926
1.46688
1.1893
1.05464
1.33525
1.26336
1.23831
1.25155
1.56511
1.03326
1.67882
1.48578
1.5792
1.73037
1.67361
1.53827
1.69691
1.59585
1.3076
1.09235
1.27051
1.38839
1.70947
1.60937
1.85938
1.82565
1.84406
1.50333
1.50085
1.5121
1.60521
1.31374
2.14022
1.63009
1.63483
1.78708
1.72055
1.53603
1.93909
1.60309
1.55369
1.41354
1.48286
1.34024
1.74828
1.56443
1.85286
1.75104
1.63061
1.47781
1.75574
1.38964
1.594
1.54575
1.94617
1.5733
1.81123
1.83413
1.71561
1.56682
1.9068
1.62038
1.54186
1.35193
1.50309
1.5046
1.62202
1.43212
2.00807
1.83589
1.6223
1.52135
1.58899
1.54465
1.5404
1.36107
2.03587
1.78626
1.60552
1.68335
1.67993
1.45198
1.80514
1.65838
1.56554
1.35805
1.56445
1.48418
1.66893
1.6415
1.95137
1.59453
1.55227
1.3862
1.66397
1.42913
1.70515
1.53731
2.06731
1.53492
1.77159
2.03056
1.69322
1.60232
2.02571
1.74162
1.48243
1.38696
1.31668
1.40285
1.63012
1.51045
1.86326
1.868
1.70211
1.37776
1.65521
1.53032
1.60558
1.35913
1.75949
1.63314
1.68679
1.95615
1.72129
1.54737
1.71977
1.57716
1.59593
1.51464
1.50004
1.44729
1.65505
1.51644
1.98011
1.74448
1.62865
1.54559
1.57685
1.40962
1.48717
1.39466
1.86171
1.65016
1.68578
1.75449
1.81213
1.49346
1.81763
1.81084
1.5493
1.25855
1.36966
1.56279
1.66704
1.66956
1.82527
1.72504
1.66813
1.46562
1.62033
1.43603
1.55874
1.35192
1.88711
1.59539
1.72586
1.92911
1.77361
1.52948
1.90205
1.70064
1.47712
1.48071
1.32708
1.36092
1.73538
1.46694
1.91032
1.74764
1.6319
1.06852
-0.996893
-1.00269
-1.00427
-0.997536
-0.998552
1.48115
1.27447
1.43654
0.999818
1.03841
1.39862
0.999354
1.49717
1.82279
1.95402
1.66267
1.73064
1.74856
2.02822
1.82953
1.48496
1.71405
1.39799
1.48012
1.4785
1.41826
1.32785
1.72767
1.83598
1.88838
1.73875
1.54924
1.41289
1.67413
1.21278
1.5251
1.63025
1.5839
1.38745
1.41624
1.54885
1.55787
1.56623
1.61042
1.54183
1.78364
1.38969
1.46038
1.61467
1.60822
1.32269
1.78641
1.79211
1.79501
1.64738
1.6113
1.52462
1.68171
1.44202
1.68608
1.781
1.80513
1.36833
1.21504
1.57873
1.6135
1.58113
1.66494
1.60164
1.80363
1.49619
1.43269
1.43859
1.63625
1.3104
1.74548
1.9297
1.84811
1.66579
1.48064
1.52777
1.68543
1.40505
1.48181
1.80703
1.94057
1.41651
1.49575
1.61256
1.54964
1.59542
1.77984
1.70539
1.86764
1.55077
1.58137
1.57867
1.58055
1.34112
1.67011
1.8928
1.77372
1.57498
1.58251
1.50163
1.59838
1.28111
1.58667
1.75954
1.83949
1.47593
1.48239
1.75084
1.46433
1.6462
1.83673
1.70249
1.86773
1.4207
1.33481
1.55753
1.62294
1.30467
1.82752
1.92425
1.76729
1.68376
1.57867
1.55522
1.61907
1.40812
1.50447
1.86776
1.89227
1.35302
1.46569
1.71421
1.67857
1.69696
1.7718
1.65066
1.89171
1.51095
1.38585
1.60353
1.66341
1.4409
1.76127
1.82906
1.69661
1.58149
1.72413
1.46648
1.66712
1.26888
1.68528
1.70621
1.91323
1.55186
1.52827
1.62231
1.56358
1.53414
1.7069
1.69854
1.83025
1.61746
1.43188
1.63654
1.72853
1.30481
1.75311
1.88645
1.69053
1.61708
1.424
1.51093
1.57503
1.43033
1.67739
1.7533
1.76384
1.5626
1.65657
1.60962
1.70718
1.72419
1.7981
1.72848
1.80077
1.38965
1.26094
1.52148
1.70298
1.32687
1.75402
1.84541
1.78929
1.72297
1.71099
1.447
1.54443
1.23723
1.53048
1.64677
2.00004
1.43831
1.46057
1.56396
0.996796
-1.00275
-0.998391
-0.996871
-0.997277
-0.998446
1.14373
0.995936
1.27796
1.50519
1.2109
1.45683
1.17708
1.19284
1.16695
1.83161
1.01027
1.62745
1.04394
1.16928
1.18251
1.22252
1.00303
1.34917
1.09047
1.28625
1.23359
1.16125
1.16728
1.19821
1.40757
1.22291
1.40124
1.37967
1.51371
1.26247
1.17956
1.28219
1.35387
1.39473
1.00145
1.19836
1.36921
1.11989
1.2997
1.33805
1.24262
1.34284
1.40504
1.46679
1.50868
1.0675
1.25205
1.11349
1.08445
0.997348
1.19141
1.34386
1.39847
1.24891
1.06385
1.53679
1.66418
1.37026
1.00065
1.41022
1.31657
1.13721
1.29937
1.37724
1.51146
1.20525
1.43294
1.46854
1.36396
1.15482
1.37953
1.63079
1.43954
1.22809
1.44592
1.35465
1.12508
1.17608
1.27913
1.28715
1.43729
1.25969
1.32798
1.50814
1.5371
1.02736
1.37185
1.39111
1.43845
1.36217
1.4944
1.25893
1.39418
1.01333
1.48695
1.47893
1.2262
1.30336
1.67353
1.66226
1.37949
1.10502
1.30821
1.13129
1.26625
1.09191
1.17126
1.28098
1.45831
1.20258
1.62208
1.47206
1.4648
1.16141
1.31296
1.54893
1.4565
1.35276
1.20022
1.3323
1.42522
1.27726
1.51101
1.5188
1.27831
1.47631
1.6505
1.50492
1.34154
1.02209
1.22401
1.21167
1.33847
1.11907
1.268
1.35879
1.38015
1.21373
1.50389
1.53199
1.65012
1.51104
1.19616
1.45564
1.16779
1.03767
1.2002
1.33913
1.21899
1.13992
1.51481
1.4077
1.48326
1.17994
1.53204
1.44198
1.37603
1.00253
1.39738
1.19994
1.2916
1.10124
1.28485
1.39873
1.37171
1.44617
1.3315
1.48866
1.43145
1.19255
1.2192
1.63249
1.20441
1.25107
1.3104
1.25855
1.33688
1.15664
1.29083
1.49235
1.48046
1.25565
1.84113
1.45247
1.23545
1.26544
1.42728
1.29659
1.39888
1.2878
1.02878
1.32084
1.55436
1.34375
1.40456
1.38976
1.41793
1.25099
1.44007
1.39371
1.4385
1.38701
1.1668
1.28237
1.11134
-0.999269
-0.996939
-0.998183
-1.00315
-1.00348
1.59537
1.38083
1.36379
1.18026
1.00248
0.999741
1.00018
1.11235
1.3503
1.0009
1.29622
1.65413
1.55776
1.62227
1.56974
1.2009
1.22381
1.52921
0.997067
0.998717
1.66517
1.46977
1.2732
2.49913
1.70301
1.45502
1.58915
1.50983
1.46712
1.39903
1.18348
1.30183
1.38702
1.51574
1.17302
1.41945
1.27653
1.36239
1.335
1.56518
1.30552
1.30919
1.18287
1.70615
1.40267
1.46573
1.64615
1.68791
1.60821
1.70664
1.75404
1.40804
1.34028
1.32075
1.42787
1.00393
1.42124
1.28955
1.51903
1.42059
1.48571
1.50177
1.74363
1.5533
1.02523
1.4205
0.997505
1.34454
1.46026
1.38742
1.53664
1.7038
1.4501
1.24991
1.40221
1.37088
1.17635
1.50065
1.29213
1.35497
1.59962
1.51603
1.3014
1.6793
1.45951
1.23611
1.56513
1.72414
1.34161
1.39529
1.56721
1.60626
1.70967
1.70139
1.6123
1.57886
1.11181
1.4123
1.29539
1.04472
1.33547
1.29642
1.43936
1.4754
1.52132
1.48346
1.54249
1.47232
1.04389
1.38372
1.00011
1.36018
1.48114
1.51623
1.52139
1.60749
1.50425
1.48189
1.60723
1.42397
1.00341
1.39847
1.30437
1.47088
1.37545
1.38658
1.23607
1.52625
1.5505
1.33666
1.13384
1.56109
1.36381
1.42616
1.69832
1.60331
1.71132
1.73083
1.53997
1.46548
1.34502
1.27661
1.37979
1.1784
1.42997
1.4092
1.37204
1.24999
1.51262
1.71041
1.49628
1.36815
1.21518
1.31838
1.09322
1.55654
1.54419
1.49967
1.66511
1.42206
1.69933
1.62144
1.37538
1.04443
1.12843
1.42981
1.30033
1.56328
1.30426
1.4395
1.11987
1.49991
1.30364
1.34492
1.21366
1.42458
1.28862
1.46312
1.65194
1.6894
1.46762
1.40583
1.68081
1.50913
1.32579
1.42027
1.3761
1.23052
1.36016
1.27544
1.28579
1.73577
1.69979
1.53538
1.43809
1.52837
1.07307
1.52696
1.26101
1.3944
1.5758
1.38724
1.61912
1.51977
1.3454
-0.999789
-1.00344
-0.995298
-0.998244
-0.996496
1.1328
0.999324
1.90184
1.58527
1.21968
1.13302
1.00317
0.999669
1.53716
2.0252
1.25387
1.67762
0.999974
1.29235
0.998359
1.1565
1.04673
1.043
1.37153
1.40489
1.10115
1.18497
1.28906
1.31875
1.15591
1.65281
1.2478
1.00431
1.0049
1.17305
1.01433
1.31242
0.999105
1.49698
1.09244
1.20214
1.39808
1.51883
1.13811
1.42269
1.21654
1.15192
1.13769
1.22467
1.18928
1.3714
1.20384
1.47723
1.30066
1.4535
1.16519
1.12736
1.03747
1.26993
1.11244
1.50191
1.24853
1.33734
1.2426
1.44476
1.24503
1.71192
1.43125
1.13414
0.998169
1.0277
1.13523
1.61446
1.27173
1.45415
1.32037
1.15238
1.27649
1.46668
0.997352
1.02216
1.00088
1.39739
1.09476
1.23971
1.27595
1.48589
1.16174
1.59859
1.31572
1.29281
1.14653
1.00751
1.02061
1.297
1.05077
1.56085
1.26407
1.37812
1.14734
1.06045
1.01352
1.37046
1.17061
1.21313
1.01205
1.2356
1.26885
1.31856
1.17191
1.60893
1.54333
1.1966
1.01536
1.15798
1.16954
1.09543
1.00992
1.44795
1.35754
1.55279
1.15882
1.16117
1.03432
1.29959
0.999839
1.43675
1.06045
1.04631
1.12422
1.38735
1.11058
1.54837
1.39746
1.29662
1.17905
1.10873
1.06121
1.39824
1.1336
1.18956
1.19383
1.40026
1.17797
1.33919
1.01485
1.3271
1.00296
1.58379
1.22349
1.31019
1.16372
1.17719
1.08001
1.33644
1.25587
1.28429
1.24105
1.12993
1.28335
1.4466
1.09477
1.38957
1.2388
1.20462
1.00349
1.21723
1.10903
1.20474
0.998956
1.4327
1.24266
1.10133
1.20153
1.50094
1.14535
1.22633
1.24129
1.15427
1.19105
1.18326
1.05374
1.36981
1.18006
1.21244
1.23039
1.48251
1.21955
1.15088
0.998196
1.19233
1.00212
1.55326
1.0239
1.23544
1.15754
1.16732
1.15117
1.64106
1.29798
0.99725
1.11627
1.19431
1.12569
1.44187
1.20223
1.30064
1.21842
1.2481
1.1275
-1.00131
-0.997101
-1.00355
-0.997253
-0.996994
0.996402
0.99976
0.999472
1.12841
1.25081
1.09347
1.20627
1.98537
2.32517
1.92121
1.87992
1.24594
2.01678
1.85604
1.9501
1.86561
1.88603
1.67759
1.58159
1.92993
1.78508
1.45472
1.87743
2.05192
1.91431
1.68462
1.54114
1.9127
1.55279
1.49273
1.8491
1.96944
1.77993
1.57018
1.56667
1.89743
1.77429
1.53001
1.73411
1.98064
2.16055
1.44495
1.54936
1.89838
1.64142
1.53358
1.81694
1.94104
1.972
1.70171
1.50562
1.59919
1.78163
1.55209
1.74539
2.16007
1.81735
1.61371
1.52178
1.81105
1.78462
1.5676
1.79725
2.05655
1.93383
1.64759
1.39201
1.64672
1.59829
1.49888
1.84842
1.89138
1.92334
1.63187
1.39968
1.89989
1.70089
1.43213
1.7774
2.05317
2.02773
1.68223
1.57521
1.85712
1.8058
1.59871
1.77806
2.02479
2.02909
1.58093
1.59159
1.87929
1.85072
1.71743
1.81866
1.95788
1.9601
1.52256
1.37286
1.76346
1.95264
1.28595
1.83822
2.01152
1.80996
1.73003
1.64862
1.7856
1.65206
1.62446
1.76922
1.90476
1.9558
1.61622
1.45364
1.93509
1.69295
1.53979
1.82615
1.98063
2.12753
1.43168
1.55643
1.82953
1.70762
1.47219
1.72733
1.96717
1.90272
1.65672
1.55639
1.57237
1.81792
1.56642
1.688
2.06488
1.90566
1.59224
1.46341
1.89404
1.77302
1.54817
1.8595
2.02752
1.95116
1.7428
1.37671
1.66433
1.5912
1.50744
1.80572
1.97288
1.85132
1.60795
1.53323
1.88924
1.70901
1.48118
1.74119
1.97853
2.0695
1.675
1.53008
1.86839
1.73583
1.5828
1.81062
2.02476
1.98804
1.65378
1.56292
1.80929
1.89788
1.6924
1.71747
2.0497
1.87882
1.49624
1.50301
1.74625
1.9411
1.26523
1.77171
1.94275
1.90561
1.72362
1.55062
1.80142
1.55466
1.60945
1.8871
1.89133
1.98468
1.62248
1.42354
1.86815
1.69447
1.47456
1.77858
2.06326
2.06956
1.45131
1.60082
1.81691
1.11416
-0.998505
-1.00221
-1.00141
-1.00278
-1.00358
1.27658
0.998374
1.13869
0.996139
1.36734
1.02938
0.995702
1.60403
1.09436
1.33335
0.998769
1.03611
1.42652
1.06606
1.11986
1.51153
1.13635
1.65086
0.998352
1.14842
1.36619
1.37936
1.27135
1.5555
1.40949
1.51943
1.36536
1.60024
1.76731
1.56611
1.09915
1.38603
1.3165
1.39977
1.1264
1.34688
1.715
0.997421
1.03596
1.41954
0.999821
1.39624
1.19269
1.22034
1.18981
1.03987
1.33631
1.71198
1.45194
0.997303
1.13213
1.54167
2.09151
1.21199
1.68305
1.09377
1.28274
1.39725
1.03667
1.67812
1.20555
1.53677
1.00475
1.29046
1.51782
1.20461
1.80043
1.15083
0.999432
1.64201
1.19534
1.77293
1.25231
1.24268
1.24925
1.00131
1.36064
1.16767
1.13424
1.29319
1.60827
1.39928
1.75651
1.59351
1.43639
1.17743
1.00041
1.65287
1.48161
1.10866
1.02883
1.00301
1.28861
1.56068
1.30215
1.25792
0.998107
1.20751
1.49381
1.77962
1.53206
0.997302
0.997513
0.99734
1.18696
1.48206
0.998525
1.57398
1.67458
1.45368
1.54031
1.86016
1.54834
1.19156
0.998821
1.07911
1.46371
1.562
1.51177
1.65104
2.06089
1.34612
1.28299
1.66372
1.48712
1.47682
1.71594
1.06698
0.999622
1.00219
1.16105
1.48907
1.29774
1.03071
1.07564
1.56692
2.01846
1.39874
1.58741
1.41923
1.43374
1.20791
1.17676
1.52728
1.09535
1.63383
1.17642
1.59174
1.53548
1.18599
1.56596
0.997656
1.08607
1.5361
1.2742
1.54915
1.31673
1.04881
1.06811
1.19317
1.21676
1.06823
1.3513
1.0076
1.61224
1.18206
1.94389
1.5505
1.55129
1.29674
1.14765
1.58725
1.29344
1.28915
1.30193
0.998984
1.45516
1.61133
1.51161
1.44255
1.25656
1.28757
1.43461
1.64791
1.45277
1.03151
1.23646
1.00009
0.996995
1.37927
0.997454
1.18916
1.43822
1.36293
1.42748
1.38867
1.3405
1.07955
1.08461
0.99686
1.10095
1.63673
1.06981
1.00208
0.99916
-1.00168
-0.997106
-0.999998
-0.997559
-1.00029
0.996146
1.5339
1.99144
1.3718
1.32052
0.999781
0.999788
1.66168
1.72487
1.14148
1.66167
1.18803
1.04697
1.37812
0.999275
0.996928
1.00261
0.996455
0.996279
1.00035
0.997418
1.00001
1.42653
2.02376
1.70322
1.29973
1.373
1.1338
1.28971
1.37268
1.43759
1.4388
1.01162
1.24368
1.42233
1.32922
1.38617
1.24804
0.997177
1.0828
1.47215
1.00656
1.00328
1.3091
1.24136
1.22444
1.43183
1.15762
1.23379
1.19678
1.66024
1.53071
1.257
1.2284
1.11189
0.996925
1.34009
1.15772
1.30903
1.17003
1.45983
1.42058
1.75475
1.22759
1.01363
1.17496
1.04191
1.17409
1.48893
1.08892
1.35286
1.23204
1.45203
1.3009
1.18988
0.997107
1.01106
1.30168
0.997883
1.19837
1.19406
1.23275
0.999336
1.33558
1.539
1.11678
0.999362
1.14189
1.25711
1.11587
1.44808
1.44565
1.22883
1.23539
1.47878
1.50307
1.3064
1.09877
1.132
0.996768
1.438
1.19623
1.19675
1.10283
1.24448
1.3336
1.67709
1.25974
0.995788
1.07611
0.997257
1.29469
1.38023
1.37699
1.2546
1.26728
1.48398
1.20804
1.23652
1.05813
0.998761
1.1706
1.06357
1.30933
1.40972
1.40017
0.998935
1.23772
1.44231
1.09496
0.998637
1.12909
1.20962
1.19928
1.44568
1.19274
1.17767
1.11208
1.46009
1.34573
1.2292
1.15423
1.32584
1.00228
1.22908
1.19693
1.23895
1.21596
1.28335
1.19988
1.58283
1.27828
1.06982
1.00258
1.00219
1.21699
1.3226
1.04615
1.17983
1.26021
1.52639
1.17417
1.16478
1.19633
1.2073
1.34464
1.22757
1.17788
1.19976
1.25063
1.10254
1.18114
1.52743
1.3262
1.28999
1.19817
0.999031
0.997519
1.60701
1.25048
1.2929
1.2962
1.59064
1.27734
1.143
1.10829
1.25678
0.998107
1.31146
1.3254
1.63071
1.35385
1.14554
1.23216
1.49693
1.45553
1.00243
1.23477
1.1385
1.18522
1.20448
1.00188
1.11965
1.18155
1.00054
-1.00484
-0.999302
-1.00366
-0.997301
-0.99743
1.08941
1.19065
1.38993
1.29191
1.24974
1.20885
1.00129
1.36596
1.82244
1.5282
2.11176
1.76647
1.66616
1.98737
1.89998
1.64303
1.78984
1.55802
1.29175
1.13341
1.53597
0.999498
1.34903
1.30221
1.2099
1.48044
2.00373
1.26198
1.33044
1.03411
1.10097
1.06033
1.66624
1.45328
1.80214
1.6981
1.53646
1.48841
1.79327
1.60809
1.75129
1.28167
1.17978
1.06757
1.49914
1.11953
1.6872
1.63482
1.62055
1.27118
1.61441
1.43191
1.60366
1.25485
1.19491
1.21241
1.78843
1.33902
1.74436
1.81533
1.36164
1.56941
1.77201
1.33077
1.39415
1.23256
1.43472
1.35808
1.70955
1.13466
1.80352
1.54823
1.28928
1.04519
1.59938
1.31653
1.72457
1.52712
1.22786
1.28643
1.87718
1.36584
1.53019
1.84282
1.40925
1.19802
1.53403
1.3391
1.62355
1.46151
1.4314
1.30455
1.81243
1.20463
1.24525
1.44455
1.18109
1.36653
1.61765
1.4695
1.67764
1.58429
1.94764
1.80707
1.87251
1.94359
1.91237
1.30016
0.996567
1.02083
1.5456
1.35342
1.47011
1.38012
1.79912
1.25165
1.35452
1.103
1.49495
1.57861
1.28833
1.24454
1.58553
1.31645
1.64923
1.44503
1.40933
1.49393
1.62132
1.05302
1.62852
1.39604
1.32399
1.13426
1.57389
1.29787
1.46432
1.26218
1.17987
1.26335
1.48935
1.20684
1.49083
1.65157
1.24623
1.20069
1.60371
1.33596
1.74003
1.59438
1.5742
1.10251
1.24152
1.00351
1.5796
1.71906
1.17436
1.02047
1.80074
1.40758
1.42382
1.17507
1.34327
1.24865
1.56422
1.34746
1.7014
1.68411
1.40553
1.33888
1.50418
1.23507
1.52919
1.07044
1.29668
1.17833
1.5534
1.14102
1.70767
1.77815
1.6156
1.00965
1.36826
1.11196
1.65033
1.27987
1.21518
1.34048
1.66944
1.22432
1.76589
1.4863
1.26817
1.44108
1.53855
1.20133
1.27499
1.44648
1.31207
1.47036
1.50847
1.37269
1.67117
1.579
1.00317
-1.00376
-0.99826
-0.999488
-0.997792
-0.996324
0.998723
1.07287
1.2201
0.999267
1.24969
1.02775
1.19213
1.32287
2.48327
2.1196
2.07206
0.999594
1.8772
1.76534
1.89133
2.05879
1.51014
1.83547
1.53959
1.77608
1.44339
1.83392
1.6886
2.22107
1.9377
2.11092
1.53912
1.91592
2.11663
1.7819
1.89724
2.35903
2.22227
1.90844
1.99256
2.28048
2.06939
1.99005
2.20237
2.55601
2.33835
2.14925
1.92681
2.46072
2.18181
2.02641
1.93818
2.3434
2.45661
2.19063
1.90319
2.21858
2.38066
2.0362
2.30922
2.49
2.14254
2.10646
2.11417
2.36102
2.2012
2.09731
2.09005
2.4421
2.58652
2.22702
1.90208
2.16495
2.24751
2.17655
2.16258
2.29463
2.5308
2.10078
1.973
2.28523
2.19251
1.95385
1.97609
2.43089
2.33197
2.10427
2.01569
2.15992
2.21459
1.92557
1.93944
2.14584
2.29066
2.1233
1.63626
2.21899
2.23448
2.04897
2.27676
2.255
2.26833
1.97307
1.92905
2.39634
2.1889
2.04492
2.2388
2.25264
2.38664
2.14258
1.6624
2.18638
2.12523
2.20051
2.12421
2.30558
2.48323
2.15334
1.99569
2.40728
2.09266
2.00127
2.15281
2.44143
2.3629
2.23554
2.03546
2.33698
2.32738
2.06506
1.90664
2.35201
2.29804
2.15316
1.77494
2.29037
2.31062
2.05053
2.16833
2.45009
2.27804
2.17229
1.86697
2.37306
2.06544
2.08871
2.12212
2.09865
2.22476
1.9695
2.02845
2.1317
2.14989
2.04962
2.21232
2.42629
2.29392
2.03707
2.03173
2.25997
2.11038
1.92409
2.23031
2.3778
2.34189
2.22141
2.01481
2.35093
2.19467
2.19835
2.24552
2.32684
2.37895
2.22747
1.87701
2.22189
2.20804
2.02082
2.23544
2.41203
2.14087
2.03976
1.88507
2.42201
2.20118
2.03432
2.21977
2.31819
2.55571
2.2547
1.83562
2.33016
2.22287
2.18794
2.24114
2.34738
2.33557
2.26457
1.94849
2.26084
2.19002
1.85046
2.37134
2.4226
2.19013
2.08259
1.92558
2.30531
1.35541
-0.998288
-1.18492
-1.07298
-1.00115
-1.00385
0.998609
1.00203
0.997837
1.2725
1.50035
1.08589
1.07933
1.15558
1.07474
1.04028
0.999025
0.99822
0.99881
0.997626
1.00174
0.998618
0.998117
1.13934
1.03122
0.995581
1.29083
1.29435
1.00374
0.997391
1.0045
1.24988
1.20881
1.51986
1.44775
1.29571
1.2314
1.19393
1.22439
1.41516
1.08843
1.0795
1.45423
1.10383
1.52185
1.30251
1.41177
1.18663
1.51881
1.42422
1.12555
1.19618
1.07838
0.996021
1.20849
1.04653
1.05423
1.19656
1.46033
1.35368
1.44835
1.35362
1.47052
1.10158
1.17534
1.27113
1.32718
1.44061
1.19061
1.10458
1.4136
1.11387
1.40805
1.34528
1.05504
1.33197
1.52626
1.39005
1.13949
1.08613
1.13326
1.10175
1.18698
1.0257
1.02647
1.07253
1.44361
1.35381
1.51963
1.42138
1.63466
1.20208
1.13378
1.38582
1.27855
1.2198
1.10812
1.17432
1.40836
1.32456
1.57962
1.35443
1.20965
1.13377
1.40969
1.31529
0.998005
1.01074
1.32234
1.11358
1.33082
1.06061
1.24002
1.03144
1.31405
1.31826
1.18365
1.32782
1.42179
1.23551
1.25241
1.38837
1.09772
1.46755
1.10575
1.00098
1.48476
1.06979
1.30655
1.22356
1.32715
1.27478
1.61402
1.36628
1.18317
1.00493
1.11665
1.01762
1.17456
0.998903
1.02467
1.21744
1.62466
1.44161
1.41636
1.42519
1.33398
1.12235
1.07961
1.21691
1.23259
1.35024
1.20845
1.24649
1.50259
1.19665
1.5246
1.19646
1.0657
1.34704
1.41429
1.30742
1.21131
1.13212
1.22888
1.14268
1.23415
0.99653
1.03126
1.05575
1.38686
1.40513
1.35821
1.22589
1.57799
1.25037
1.21439
1.40276
1.18652
1.22943
1.13323
1.0878
1.38725
1.18048
1.47096
1.38935
1.35551
1.35278
1.4309
1.20562
1.07281
1.00519
1.20313
1.13247
1.15378
1.09523
1.30353
1.11751
1.51684
1.28445
1.18869
1.3917
1.4041
1.24797
1.23129
1.21344
1.17883
1.39235
1.23307
1.17707
0.99825
-1.00419
-0.995792
-0.995689
-1.00051
-0.99954
0.997534
1.00006
1.23299
1.10177
1.01471
1.53034
1.62414
1.78351
1.71079
1.21386
1.41609
1.92523
1.80702
1.42649
1.18791
1.00137
1.27856
1.31806
1.00367
0.999364
1.1527
1.00232
1.26101
2.08317
1.57519
1.02828
1.34765
1.26283
1.43876
1.06683
1.0162
1.09961
1.08279
1.2458
1.17093
1.12962
1.19807
1.21985
1.06767
1.39062
1.28875
1.02674
1.11382
1.46332
1.00314
0.99909
1.33414
1.46546
1.53122
1.16331
1.3198
1.25351
1.47778
1.26296
0.998071
1.05969
1.3551
1.1258
1.24067
1.15753
1.20632
1.16616
1.5558
1.41855
0.997731
0.998805
0.998695
1.47401
1.27016
1.05556
1.02667
1.12075
1.2037
0.998757
1.20029
1.00256
0.997665
1.12269
1.02936
1.23153
1.16836
1.25549
1.14842
1.27413
1.34537
0.999021
0.999428
1.25664
1.02775
1.003
1.06313
1.28725
1.16354
1.08816
1.36877
1.27458
1.31899
1.20913
1.35071
1.12444
1.13531
0.998344
1.15703
1.15459
1.15178
1.03873
1.29105
1.33459
0.997645
1.00288
1.0035
1.31969
1.36318
0.997946
1.19332
1.11632
1.56157
1.23094
1.40203
1.13013
1.08938
1.19995
1.14527
1.33528
1.29123
0.999924
1.00113
1.23343
1.51997
1.004
1.00343
1.3226
1.19363
1.14884
1.21229
1.25647
1.40734
1.14107
1.52069
1.36727
1.2267
1.08907
1.4844
1.37826
1.38072
1.02372
1.28742
1.35356
1.28028
1.14462
1.28749
1.37364
1.00247
1.12341
0.998129
1.26263
1.12892
1.08718
1.17577
1.09822
1.1619
1.01119
1.31394
1.09832
1.06062
1.08043
1.18757
1.39659
1.19479
1.3612
1.0951
1.27436
1.54465
1.04888
1.00061
1.13785
1.1338
1.09961
1.58298
1.205
1.00235
1.00309
1.49909
1.28977
1.17331
1.05315
1.20315
1.18094
1.33647
1.1003
1.19439
1.15168
1.15465
1.32108
1.32203
1.30664
1.09085
0.999138
0.997015
1.21924
1.29725
0.998484
1.21252
1.18417
0.998805
-1.00089
-0.999102
-0.998292
-0.995591
-0.998617
1.15866
1.55569
1.21947
1.80488
1.00385
1.002
1.00047
1.00263
1.36055
1.49645
1.65555
1.19293
1.62348
2.18337
1.85443
1.4198
1.19979
1.65632
1.89153
1.33427
1.14491
1.24144
1.27106
1.31746
1.25987
1.68219
1.72367
1.52775
1.23729
1.35923
1.20286
1.44418
1.10436
1.75844
1.58148
1.43338
1.66368
1.30076
1.41669
1.5392
1.51729
1.38575
1.51173
1.29031
1.45636
1.45128
1.22167
1.48573
1.64276
1.43228
1.25903
1.26461
1.17988
1.54412
1.29833
1.44426
1.2332
1.52336
1.54285
1.43298
1.45289
1.7644
1.50995
1.23605
1.27916
1.29351
1.30978
1.35201
1.33918
1.74518
1.61685
1.4728
1.22568
1.52854
1.37226
1.5056
1.1479
1.61581
1.47949
1.41694
1.55669
1.75664
1.66832
1.46021
1.61895
1.40185
1.23808
1.20872
1.31023
1.38558
1.43684
1.37244
1.39316
1.57269
1.22483
1.19258
1.30521
1.51288
1.30556
1.57732
1.19981
1.40954
1.65105
1.45228
1.52913
1.66624
1.54118
1.16175
1.4117
1.40808
1.23608
1.35014
1.21056
1.73589
1.67807
1.25147
1.11224
1.44451
1.28533
1.40668
1.18393
1.68362
1.18833
1.26128
1.54755
1.57303
1.8242
1.54946
1.52302
1.44981
1.24281
1.12603
1.30606
1.54852
1.27912
1.53093
1.50459
1.6424
1.47952
1.18257
1.04065
1.40947
1.34475
1.40322
1.31491
1.4309
1.6114
1.357
1.28604
1.58037
1.52525
1.12076
1.18638
1.30038
1.37213
1.2886
1.28609
1.35905
1.47803
1.31649
1.17874
1.35018
1.29925
1.34088
1.15405
1.76386
1.37036
1.295
1.69173
1.53527
1.35735
1.49691
1.51812
1.44768
1.189
1.04872
1.35746
1.73884
1.44215
1.52695
1.42512
1.5439
1.13911
1.29498
1.12838
1.41936
1.59163
1.628
1.20378
1.38064
1.47263
1.4612
1.4424
1.63566
1.52055
1.30838
1.24786
1.07623
1.39519
1.39178
1.10177
1.6527
1.66309
1.60997
1.31788
-0.996596
-0.998009
-1.00123
-0.996708
-1.00382
1.03578
1.37506
1.28282
1.28499
1.00889
1.64896
1.20496
1.93914
1.87826
1.87614
1.93124
1.82171
1.66893
1.8929
1.88619
1.71304
1.80919
2.21267
2.07276
2.14961
1.39807
1.23887
1.82479
2.33257
2.30799
1.62577
1.63539
1.45506
1.56813
1.33501
1.21389
1.62975
1.72031
1.28867
1.56155
1.0005
1.2349
1.39845
1.62457
2.02576
1.38323
1.65939
1.29172
1.27642
1.35831
1.7049
1.47067
2.18185
1.5473
1.66759
1.11684
1.71685
1.70346
1.35875
1.59989
2.1524
1.35568
1.42667
1.39069
1.71713
1.84493
1.32326
1.14525
1.65788
1.42503
1.3992
1.2475
1.53407
1.31132
1.29704
1.4387
1.74412
1.59345
1.20753
1.06638
1.45157
1.30159
1.40714
1.42263
1.68513
1.40049
1.26732
1.19762
1.52063
1.47784
1.04617
1.15142
1.3326
1.68681
1.54047
1.08455
1.58987
1.16881
1.28452
1.43415
1.61094
1.68365
1.32748
0.998589
1.36506
1.28259
1.36139
1.48161
1.54647
1.39573
1.37539
1.10567
1.30152
1.46852
1.10362
1.34192
1.65436
1.53725
1.48989
1.18104
1.54162
1.25639
1.37767
1.42391
1.81491
1.57119
1.20322
1.00788
1.31153
1.4127
1.23705
1.65661
1.70414
1.36711
1.42827
1.21393
1.60806
1.41955
1.21954
1.37307
1.7677
1.53525
1.39953
1.10671
1.48057
1.4024
1.25621
1.51033
1.65425
1.52404
1.26283
1.00391
1.17472
1.26333
1.36315
1.46632
1.78015
1.38858
1.44704
1.16941
1.51058
1.37259
1.00322
1.21428
1.34892
1.49731
1.30668
1.08268
1.50345
1.31002
1.26542
1.25258
1.34562
1.4813
1.06303
0.996677
1.2858
1.25564
1.32173
1.58231
1.85215
1.38943
1.37058
1.20589
1.69148
1.37903
1.19289
1.26476
1.57945
1.57801
1.35288
1.2362
1.62864
1.23642
1.47896
1.45277
1.80603
1.61026
1.25992
1.11168
1.53931
1.40119
1.3209
1.43161
1.60355
1.49234
1.34764
1.27229
1.4812
1.00266
-0.999315
-1.15584
-1.00224
-1.35027
-1.19104
