1.55941
1.7986
1.69575
1.53166
1.69848
1.26287
1.41365
1.97833
1.63611
1.00362
1.29455
1.61583
1.68074
1.74613
1.54388
0.996626
1.00124
0.995524
1.0907
1.39163
1.26657
1.05418
1.06867
1.21184
1.03985
1.02551
1.02716
0.997545
1.06563
0.997331
1.08823
1.40108
1.27641
1.02713
1.03488
1.25586
1.06367
1.04426
1.0036
0.997576
1.03538
1.01465
1.13128
1.37534
1.24433
1.00151
1.01583
1.20502
1.01129
1.0634
1.02848
1.02664
1.05874
1.00311
1.11746
1.40105
1.2914
1.01627
1.00553
1.17208
1.04604
1.04318
1.02119
1.03878
1.05667
1.03645
1.10449
1.39773
1.26706
1.00386
1.02537
1.16393
1.00322
0.998508
0.999477
0.997303
1.03148
1.06403
1.11915
1.42587
1.27578
1.01689
1.01237
1.19692
1.05465
0.998822
1.01172
0.996197
1.06741
1.01313
1.10649
1.44221
1.28758
1.01344
1.03024
1.20295
1.03477
1.0274
1.03275
1.00427
1.03295
1.00772
1.07897
1.40309
1.25707
1.05339
1.06003
1.22423
1.02211
1.03813
1.01981
1.00228
1.06057
0.997011
1.09478
1.37528
1.27585
1.01732
1.01513
1.2234
1.05482
1.02767
1.00737
0.996107
1.04663
1.01326
1.13522
1.39133
1.24735
1.00134
1.02174
1.17611
1.00751
1.05292
1.0395
1.00873
1.02678
1.02124
1.10897
1.41179
1.28246
1.01795
0.999013
1.18348
1.05447
1.02747
1.01287
1.01896
1.07185
1.01697
1.12734
1.4004
1.25262
1.01277
1.03204
1.1789
0.99809
1.0069
1.02626
1.00624
1.03859
1.05908
1.1335
1.40775
1.2681
1.03482
1.00193
1.17841
1.03578
0.996775
0.999825
0.998818
1.04038
0.997738
1.09442
1.44923
1.30082
1.01102
1.0332
1.19033
1.01798
1.01813
1.03201
0.997957
1.02825
1.01506
1.1276
1.41491
1.24993
1.05647
1.06252
1.20341
1.03434
1.01913
1.00369
0.996227
1.05733
0.997759
1.0825
1.39233
1.25667
1.01421
0.999246
1.24593
1.00018
-1.00354
-0.998594
-1.00234
-0.997598
-1.00208
1.22388
1.00118
1.66923
1.3088
1.4379
1.03288
1.57098
1.41024
1.49812
1.5915
1.57095
0.998164
1.00112
1.12445
1.66546
1.83061
1.0371
1.02036
1.30783
1.26368
1.10022
1.20816
1.33801
1.07176
1.06024
1.00744
0.99926
1.19515
1.07093
1.04595
1.32046
1.28655
1.05005
1.08367
1.3775
1.12654
1.11058
1.03483
1.00918
1.1571
0.995663
1.13091
1.38158
1.33379
1.09346
1.10169
1.33882
1.01718
1.1289
1.12075
1.04796
1.10734
1.00296
1.05492
1.28119
1.40794
1.13676
1.1191
1.30353
1.08904
1.08077
0.997723
1.06092
1.17853
1.01518
1.0788
1.29933
1.35731
1.06202
1.21532
1.39229
1.07908
1.08621
1.02748
1.03749
1.09404
1.04926
1.1452
1.30617
1.34405
1.0518
1.10446
1.29432
1.13471
1.12362
1.03361
1.02299
1.11258
1.01949
1.01902
1.33016
1.37748
1.08921
1.14203
1.29428
1.12398
1.08124
1.10794
1.14314
1.14917
1.03428
1.02497
1.30013
1.26805
1.11777
1.17691
1.35674
1.07176
1.05351
1.00558
1.00663
1.22121
1.08874
1.05582
1.30343
1.30141
1.07873
1.10183
1.37172
1.14529
1.08403
1.04701
1.01988
1.15627
0.996092
1.11454
1.37794
1.34958
1.08304
1.10689
1.33195
1.02628
1.13237
1.10425
1.03658
1.13873
0.995372
1.0593
1.2699
1.4124
1.12411
1.11882
1.30182
1.04706
1.05227
1.01188
1.06976
1.18227
1.02304
1.08622
1.30761
1.33373
1.05052
1.18082
1.40876
1.09403
1.05885
1.0024
1.03724
1.0662
1.05468
1.12763
1.31155
1.34008
1.05687
1.11898
1.32005
1.1372
1.13731
1.04731
1.04901
1.11114
1.01292
1.03943
1.35167
1.38011
1.07171
1.18531
1.30784
1.1178
1.07273
1.11398
1.11727
1.17909
1.03138
1.01733
1.31358
1.26851
1.09442
1.18286
1.34635
1.08644
1.06212
1.02372
0.996908
1.1956
1.08081
1.08561
1.30862
1.29285
1.06362
1.09256
1.37542
1.16015
1.07527
-0.999014
-0.998747
-0.998902
-1.00409
-1.00218
1.10416
1.4279
1.52825
1.59119
2.03513
1.0022
1.65291
1.09927
1.52853
1.88497
1.73871
1.46879
1.83785
1.00323
1.03616
1.55116
1.55604
1.13823
1.0883
1.24348
1.28175
1.36264
1.18099
1.24116
1.12284
1.00785
1.00614
1.0547
1.05763
1.11299
1.07876
1.29332
1.26018
1.29171
1.21783
1.24013
1.10401
1.01525
1.01593
0.999214
1.00308
1.11521
1.11918
1.28572
1.25819
1.33715
1.202
1.20999
1.13352
1.03524
1.00386
1.01846
0.996028
1.04527
1.06041
1.26368
1.28351
1.34095
1.21677
1.24333
1.0964
1.0038
1.03856
1.05068
1.01582
1.07781
1.10004
1.26558
1.24612
1.36113
1.25153
1.26091
1.08415
1.04684
1.03638
1.00084
1.03814
1.12304
1.06865
1.28371
1.27408
1.29723
1.19103
1.24403
1.1402
1.03173
1.03719
1.08895
1.03838
1.07179
1.11943
1.28991
1.25389
1.31732
1.18879
1.21802
1.09442
1.0362
1.08385
1.03999
1.00575
1.13159
1.09971
1.23674
1.29642
1.33583
1.19511
1.21925
1.10109
0.997097
0.998451
1.04278
1.04186
1.09812
1.07831
1.30451
1.26014
1.28798
1.21991
1.25469
1.10282
0.997121
1.00348
0.998792
1.00225
1.10982
1.15
1.30622
1.26816
1.37626
1.1931
1.2195
1.11577
1.02842
1.008
1.02452
1.01032
1.0424
1.06746
1.27482
1.26483
1.33178
1.20428
1.26663
1.10713
1.01346
1.01653
1.0521
1.01379
1.10607
1.08876
1.25685
1.24708
1.35075
1.26434
1.24027
1.08311
1.04797
1.0308
1.00263
1.03627
1.12669
1.08297
1.26615
1.27929
1.29891
1.1941
1.2217
1.14569
1.00082
0.998591
1.08789
1.02104
1.07484
1.09028
1.28714
1.24672
1.31686
1.1921
1.19526
1.0851
1.0444
1.09654
1.04965
0.998609
1.14725
1.07606
1.23047
1.31812
1.3394
1.20944
1.24663
1.09955
0.998474
0.9982
1.05255
1.05132
1.09228
1.07977
1.30376
1.2468
1.29142
1.20636
1.25665
1.11671
-0.998224
-0.99807
-0.997407
-1.02993
-0.999629
1.00105
1.00325
1.26453
1.14021
1.44638
1.00337
1.28192
1.00217
1.77196
1.33021
1.0412
1.63569
1.88876
1.13319
1.89052
1.90459
1.60745
1.04496
1.06626
1.13638
1.31179
1.37443
1.26963
1.2932
1.23646
1.14996
1.01603
1.02795
1.08354
1.05397
1.0782
1.14964
1.3189
1.39889
1.3073
1.3153
1.25754
1.253
0.996739
1.00924
1.01982
0.99809
1.12232
1.14395
1.32357
1.35616
1.28975
1.2688
1.25377
1.21714
1.01382
1.06862
1.02637
1.00841
1.088
1.14669
1.37997
1.38547
1.29694
1.27029
1.27735
1.21907
1.02143
1.10608
1.01622
1.07506
1.08703
1.11291
1.29511
1.34319
1.33761
1.2638
1.26565
1.19271
1.00089
1.00581
1.02726
1.04831
1.04815
1.18387
1.30287
1.35588
1.29464
1.25554
1.30711
1.18955
1.01087
1.07439
1.04905
1.06981
1.08733
1.21353
1.31273
1.47377
1.29538
1.2335
1.26152
1.19182
1.04726
1.04601
1.04149
1.04735
1.06506
1.12106
1.31748
1.39576
1.27272
1.31155
1.2433
1.16937
0.998099
1.04782
1.09091
1.05221
1.06653
1.15083
1.32331
1.42289
1.32297
1.32329
1.25358
1.24976
0.999764
1.01717
1.0101
1.02285
1.11312
1.14147
1.34083
1.34866
1.29176
1.26909
1.25847
1.18634
0.996798
1.0791
1.03368
1.00062
1.07187
1.14129
1.35717
1.37946
1.30629
1.28699
1.26318
1.2103
1.01979
1.088
1.01629
1.06697
1.08857
1.09876
1.30282
1.34706
1.34237
1.26746
1.26585
1.19072
1.00145
1.03419
1.03421
1.03179
1.03916
1.18283
1.29876
1.33646
1.29343
1.25124
1.30581
1.19814
0.998236
1.06291
1.03133
1.0663
1.10451
1.19235
1.29712
1.46772
1.29328
1.24856
1.2711
1.18543
1.05646
1.05025
1.03658
1.05032
1.05796
1.12778
1.31692
1.35621
1.28749
1.31176
1.25114
1.14443
1.00805
1.03299
1.07429
1.04543
1.07764
1.14256
1.31643
1.40931
1.29928
1.29465
1.07286
-0.999684
-1.00303
-1.03035
-0.997427
-0.999091
0.999464
1.31426
1.53653
1.1871
2.0289
1.15442
1.76406
1.44339
1.5885
1.17349
1.00111
1.00044
1.77403
1.73898
1.00867
0.997065
1.48575
1.64428
1.11998
1.41314
1.24367
1.08177
1.11684
1.20248
1.04903
1.03908
1.02937
1.0026
1.08482
1.09254
1.12065
1.40321
1.21435
1.06162
1.04192
1.23024
1.06664
1.03852
1.04208
1.00378
1.035
0.998745
1.19417
1.45518
1.21941
1.08728
1.0631
1.21319
1.02778
1.04851
1.07123
1.00822
1.06073
1.02395
1.13925
1.36337
1.29043
1.11356
1.01749
1.2102
1.01261
1.06089
1.00295
1.04693
1.09106
0.997854
1.18165
1.41142
1.27645
1.02683
1.11882
1.26362
1.04357
1.04253
1.00867
1.03326
1.03298
1.03367
1.17331
1.3913
1.26695
1.05866
1.07891
1.18117
1.09135
1.12187
0.997385
1.00964
1.01914
1.02279
1.12966
1.43761
1.31262
1.01649
1.0795
1.21804
1.06351
1.01486
1.07066
1.08631
1.0356
1.0657
1.11209
1.4106
1.25853
1.07628
1.10899
1.20309
1.04638
1.05286
1.02179
1.00443
1.1043
1.08271
1.12037
1.41773
1.23189
1.05573
1.06217
1.22732
1.05343
1.03556
1.056
0.995561
1.06
0.999112
1.18875
1.46186
1.256
1.06253
1.06277
1.22516
1.05096
1.07592
1.07225
1.00323
1.07436
1.03815
1.14087
1.37871
1.27092
1.11861
1.02684
1.21231
1.00152
1.06504
1.01601
1.05631
1.08698
1.00073
1.16976
1.40756
1.2391
1.03809
1.10895
1.25619
1.00694
1.04053
1.00008
1.02836
1.03076
1.04031
1.20192
1.39885
1.26625
1.05934
1.09013
1.17201
1.05136
1.11276
1.00227
1.00424
1.01776
1.01798
1.13984
1.42068
1.29824
1.03474
1.08441
1.20679
1.06625
1.00751
1.04788
1.08866
1.0541
1.04678
1.09931
1.41453
1.25974
1.07241
1.13436
1.20391
1.04788
1.04828
1.04311
0.997636
1.09544
1.09152
1.12437
1.42407
1.21899
1.06172
1.04607
1.23548
1.00277
-1.00093
-1.00193
-1.00212
-0.997593
-1.00143
1.28401
0.998039
1.80327
1.06199
1.76493
2.01274
1.48202
2.27883
1.13198
1.17289
1.456
1.68615
1.49253
1.78737
1.63624
2.10133
1.54808
1.66321
1.33395
1.26784
1.12055
1.18707
1.33458
1.08158
1.0548
1.03792
1.00078
1.22034
1.07148
1.05984
1.29141
1.29431
1.06055
1.07556
1.38097
1.14101
1.11048
1.02159
1.01578
1.17318
1.0036
1.15497
1.38677
1.34065
1.09017
1.10806
1.34058
1.02268
1.13603
1.12146
1.05015
1.14113
0.996831
1.03948
1.2745
1.42137
1.11582
1.11897
1.32542
1.0627
1.05695
1.01527
1.06387
1.19572
1.01062
1.09677
1.29204
1.31307
1.05975
1.18866
1.3985
1.11057
1.07932
0.996261
1.01978
1.08743
1.04757
1.15332
1.33803
1.33453
1.07579
1.10599
1.31554
1.12187
1.12436
1.01108
1.0272
1.1257
0.997575
1.03331
1.33752
1.39378
1.07541
1.16185
1.31548
1.11298
1.07015
1.11734
1.12124
1.16961
1.04771
1.04438
1.3263
1.26637
1.12512
1.20071
1.34866
1.07804
1.05664
1.01114
0.999224
1.22819
1.07206
1.04596
1.3002
1.30066
1.04597
1.10174
1.36732
1.13786
1.11366
1.04621
1.00601
1.16967
1.00232
1.13735
1.37134
1.33598
1.08099
1.076
1.34183
1.01561
1.12577
1.0879
1.02564
1.12567
0.997652
1.03421
1.26814
1.40975
1.14539
1.13073
1.34368
1.04637
1.07587
0.999392
1.05949
1.17899
1.02661
1.087
1.27834
1.35528
1.04884
1.19991
1.37499
1.11183
1.08959
0.995595
1.04188
1.0781
1.06123
1.12598
1.31723
1.33096
1.06901
1.13391
1.30794
1.15083
1.14032
1.04772
1.03649
1.11308
1.02042
1.04708
1.35183
1.3971
1.08606
1.15696
1.31916
1.154
1.0671
1.11318
1.14016
1.1551
1.03254
1.03847
1.31359
1.26711
1.0953
1.20371
1.34187
1.06121
1.05888
1.01552
0.998104
1.19408
1.076
1.03895
1.2947
1.31025
1.06496
1.11382
1.38362
1.14183
1.10647
-1.00831
-1.00265
-1.00231
-0.997358
-0.997566
1.07418
1.46008
1.51382
1.40402
2.09919
1.42564
1.71597
1.74244
1.27669
1.26268
1.86977
1.58539
1.9519
1.68458
1.04593
1.88124
1.82107
1.72218
1.13117
1.28688
1.357
1.36771
1.22911
1.24095
1.21261
1.0085
1.03134
1.0851
1.08752
1.11434
1.09909
1.29179
1.40392
1.33493
1.21191
1.25117
1.1729
1.00263
1.00222
1.02346
1.03903
1.12588
1.11785
1.26068
1.34384
1.33269
1.26863
1.23288
1.19274
1.05252
1.06674
1.02617
1.06913
1.07113
1.1166
1.29219
1.36657
1.35646
1.20764
1.24137
1.25285
1.04476
1.01668
1.08226
1.05129
1.05104
1.07602
1.25249
1.33447
1.33848
1.24211
1.22602
1.18941
1.0367
1.0756
1.05119
1.0873
1.15443
1.14065
1.28148
1.35376
1.30755
1.20624
1.20614
1.18804
1.04067
1.02537
1.07614
1.13914
1.10439
1.09066
1.33076
1.34247
1.30649
1.19231
1.21588
1.16061
1.01671
1.09157
1.0283
1.03961
1.09127
1.13233
1.28646
1.37692
1.36375
1.24591
1.21263
1.1893
1.02524
1.02604
1.06496
1.07521
1.0867
1.08491
1.28296
1.38776
1.34064
1.22302
1.26335
1.18402
0.999197
1.0061
1.02512
1.04016
1.12362
1.12114
1.25219
1.32529
1.34672
1.2555
1.25614
1.18473
1.05227
1.10119
1.0172
1.07015
1.06242
1.10159
1.30411
1.36076
1.36615
1.20977
1.25189
1.24374
1.01643
1.00596
1.1081
1.08846
1.07294
1.07559
1.27276
1.33476
1.34736
1.24917
1.22524
1.15827
1.02503
1.06984
1.04818
1.05948
1.15053
1.1289
1.25128
1.35754
1.33366
1.21847
1.2237
1.22181
1.03083
1.02562
1.06095
1.13516
1.07517
1.09361
1.30733
1.33216
1.30017
1.21352
1.20846
1.17462
1.03068
1.06026
1.02987
1.05571
1.1038
1.13063
1.27006
1.34427
1.35433
1.25144
1.20856
1.1988
1.00395
1.02749
1.07385
1.09609
1.09794
1.1039
1.28834
1.44089
1.35598
1.22159
1.27741
1.18614
-0.997353
-1.00285
-1.00307
-0.998505
-0.997578
1.00425
1.00077
1.00083
1.00352
1.25828
1.63051
0.996924
1.10253
1.16293
1.16829
1.59695
1.73754
1.69484
1.97039
1.85333
1.82702
1.80062
1.61576
1.06652
1.11442
1.31714
1.38521
1.27215
1.29442
1.25164
1.16581
1.00051
1.06847
1.08675
1.05974
1.07148
1.14909
1.31976
1.4054
1.2959
1.30367
1.24988
1.24106
1.00656
0.997931
1.01546
1.00297
1.12291
1.14082
1.31415
1.37261
1.30554
1.26052
1.27205
1.21835
1.01113
1.08741
1.0512
1.01121
1.07715
1.14294
1.37538
1.3831
1.29572
1.27114
1.28016
1.20236
1.01311
1.10327
1.02776
1.10454
1.07215
1.13177
1.30704
1.3362
1.34297
1.278
1.25954
1.16858
1.00193
1.02793
1.01374
1.05177
1.05996
1.17176
1.30329
1.35501
1.28853
1.27636
1.29083
1.1992
1.01304
1.05807
1.03588
1.0695
1.10083
1.18961
1.28783
1.45494
1.28698
1.23332
1.24473
1.18674
1.05436
1.0408
1.04958
1.0555
1.06214
1.09682
1.30923
1.36018
1.28131
1.31994
1.26967
1.1769
1.0052
1.02712
1.07257
1.05293
1.09675
1.15022
1.32291
1.39892
1.30726
1.30379
1.25625
1.21929
1.00932
0.997159
1.01217
1.00696
1.1208
1.13937
1.32255
1.36361
1.28999
1.25544
1.24964
1.21987
0.996782
1.08166
1.02469
1.02754
1.05689
1.15181
1.35522
1.36916
1.29593
1.26903
1.27902
1.23274
1.01527
1.09904
1.01252
1.08392
1.0732
1.13407
1.31654
1.34836
1.34444
1.26109
1.27698
1.18191
1.00601
1.01889
1.03886
1.03427
1.0537
1.18878
1.29508
1.34165
1.29274
1.2522
1.30072
1.21477
1.01353
1.06164
1.04198
1.06931
1.07654
1.21268
1.3106
1.45314
1.29649
1.2241
1.26006
1.16884
1.05127
1.03364
1.0322
1.02618
1.04709
1.1208
1.31786
1.39129
1.27768
1.32728
1.25178
1.15831
1.00407
1.03614
1.06987
1.03365
1.06799
1.16815
1.30148
1.39055
1.30627
1.29768
1.05997
-0.997976
-1.00169
-0.996756
-0.998677
-0.999305
1.01018
1.32068
1.01444
1.43118
1.446
1.20085
1.20913
1.27693
2.19065
1.64733
1.37893
1.38185
1.88859
1.81342
1.72545
1.00234
1.102
1.54017
1.7303
1.37736
1.34044
1.03301
1.07635
1.19761
1.05
1.00553
1.00062
0.997882
1.08479
1.02124
1.21812
1.42045
1.33427
1.0201
1.07567
1.19906
1.09728
1.03612
1.00938
1.00119
1.04306
1.05116
1.12347
1.41211
1.40428
1.04048
1.05097
1.15226
1.10186
1.07324
1.02974
1.01363
1.07129
0.997684
1.10521
1.39297
1.35374
1.0615
1.16269
1.18584
1.07505
1.00079
1.03827
1.00201
1.10825
1.02962
1.17573
1.40573
1.28805
1.0599
1.05282
1.19548
1.13819
1.04709
1.00954
0.996144
1.09142
1.0248
1.18038
1.41931
1.30078
1.01468
1.03538
1.17033
1.09381
1.03717
1.11104
1.00971
1.09872
0.998304
1.16691
1.40548
1.33361
1.04776
1.05953
1.19021
1.05678
1.08641
1.00926
0.997304
1.18188
1.03032
1.15499
1.35606
1.35145
1.05441
1.09013
1.20897
1.05382
1.00142
1.00291
1.00515
1.10879
1.02686
1.24598
1.38383
1.33993
1.00855
1.0757
1.21092
1.10437
1.04732
0.99847
0.998316
1.05484
1.04075
1.12638
1.39239
1.41203
1.02972
1.04427
1.16922
1.08817
1.0613
1.04187
1.00785
1.06485
1.01524
1.13373
1.39942
1.3412
1.03592
1.15878
1.19721
1.0873
1.00333
1.01354
0.997876
1.10031
1.02613
1.16527
1.40366
1.27499
1.06546
1.03593
1.20356
1.16126
1.06515
1.01245
0.997332
1.09353
1.01597
1.18993
1.40757
1.31494
1.00868
1.03202
1.18377
1.08245
1.04663
1.1048
1.00446
1.10304
1.00047
1.15989
1.38313
1.34014
1.02262
1.05536
1.18627
1.05605
1.08352
1.00325
1.00351
1.16705
1.00845
1.16604
1.37581
1.34056
1.04789
1.10194
1.19257
1.05868
1.00758
0.996581
1.00877
1.08397
1.01113
1.24114
1.40567
1.33896
1.01236
1.0823
1.19245
1.00104
-1.00138
-0.997805
-0.997577
-0.998536
-0.998442
1.24345
0.999677
1.61505
1.3985
1.30148
1.44237
1.7671
1.40983
1.93987
1.83391
1.21572
1.4829
1.82402
1.87336
1.75097
1.77727
1.0033
1.56461
1.94192
1.27697
1.10981
1.20691
1.35596
1.07476
1.04269
0.998384
1.00192
1.20257
1.06537
1.03899
1.32766
1.29253
1.06187
1.07195
1.3774
1.1499
1.10248
1.03277
1.00993
1.15604
1.0008
1.13567
1.37719
1.33744
1.09116
1.09856
1.34953
1.01542
1.14644
1.09987
1.03795
1.12909
1.01523
1.04064
1.28205
1.40261
1.14006
1.1224
1.29265
1.06816
1.08161
0.999116
1.05558
1.18401
1.0245
1.11635
1.29488
1.34504
1.05287
1.18585
1.40492
1.11059
1.08813
1.02674
1.03949
1.08467
1.08508
1.13716
1.30895
1.34058
1.06184
1.13447
1.30672
1.13668
1.13068
1.03662
1.02418
1.09686
1.00628
1.03054
1.35497
1.37446
1.1132
1.15434
1.30084
1.14014
1.07188
1.10855
1.10393
1.16551
1.01429
0.998286
1.30579
1.27252
1.11969
1.17525
1.337
1.07343
1.0645
1.02553
0.997465
1.2018
1.08914
1.05651
1.30942
1.29883
1.06499
1.08815
1.37084
1.13725
1.07874
1.0221
1.0255
1.16018
1.00115
1.138
1.37771
1.33216
1.07531
1.09388
1.32487
1.00553
1.11843
1.11608
1.0498
1.13928
1.01226
1.05654
1.296
1.40992
1.14709
1.12376
1.3037
1.07348
1.07856
1.00677
1.07593
1.18244
1.02483
1.06909
1.29029
1.34416
1.05745
1.16906
1.41172
1.09471
1.08614
0.997349
1.02711
1.0747
1.04946
1.13554
1.31055
1.31807
1.05143
1.11792
1.308
1.13962
1.13306
1.01867
1.05617
1.11059
1.02618
1.01584
1.34821
1.39008
1.0971
1.13338
1.30176
1.13181
1.06906
1.11559
1.11134
1.15885
1.03588
1.01926
1.30445
1.27481
1.10632
1.21503
1.33158
1.07824
1.04451
1.00973
1.01428
1.20124
1.09191
1.08396
1.32003
1.29083
1.07642
1.08884
1.36219
1.14338
1.10327
-1.00489
-1.00303
-0.99567
-0.995677
-1.00255
1.10821
1.43221
1.53981
1.36224
1.68499
1.00445
0.99898
1.12771
1.04694
1.97426
1.73991
0.999942
1.31719
1.51996
1.67805
1.53481
1.87964
1.60613
1.69077
1.30072
1.28369
1.36488
1.15593
1.2633
1.10656
0.999553
1.0271
1.08129
1.0324
1.11483
1.05496
1.33564
1.22162
1.31082
1.23155
1.28885
1.07901
0.997292
0.997831
1.02347
1.02339
1.15117
1.08756
1.28802
1.23586
1.33536
1.20689
1.27012
1.16567
1.05678
1.00963
1.0708
1.04112
1.07186
1.11085
1.35325
1.26143
1.31846
1.17941
1.26527
1.07629
1.01852
1.05554
1.06964
1.00002
1.08914
1.03032
1.30708
1.26393
1.37324
1.18151
1.2536
1.09057
1.04231
1.00225
1.07962
1.10029
1.15889
1.04738
1.31181
1.26596
1.29627
1.19256
1.31334
1.0957
0.99809
0.999749
1.03893
1.00419
1.11505
1.11775
1.31668
1.23498
1.33158
1.13585
1.21301
1.09977
1.05965
1.01175
1.02755
1.01785
1.11991
1.03897
1.31305
1.30016
1.34758
1.16579
1.27245
1.14046
0.998561
1.01849
1.07845
1.03131
1.10949
1.06624
1.3138
1.22531
1.34711
1.20519
1.26187
1.09406
0.997105
0.996803
1.01097
1.01499
1.11141
1.09598
1.30327
1.21594
1.34425
1.16622
1.2917
1.17133
1.02865
1.00364
1.07011
1.03843
1.08347
1.11524
1.33438
1.28665
1.34473
1.18602
1.26566
1.08055
1.03012
1.03402
1.04427
0.998739
1.09133
1.05319
1.2731
1.27915
1.34238
1.20129
1.2809
1.08726
1.01461
1.00259
1.06703
1.06478
1.1281
1.03922
1.31254
1.2338
1.32686
1.20483
1.2843
1.12174
1.0092
1.03294
1.04863
0.996623
1.11475
1.14172
1.34285
1.26767
1.31619
1.18095
1.27134
1.10129
1.03416
1.02211
1.03012
0.996887
1.11429
1.04429
1.31217
1.30705
1.34913
1.15538
1.3111
1.09529
1.01855
1.02016
1.07586
1.01749
1.13896
1.06087
1.3259
1.24362
1.33785
1.23192
1.28445
1.1205
-0.996991
-0.995079
-0.997537
-1.00294
-0.999974
1.00309
1.00383
1.24194
1.00172
1.19783
1.20254
1.95546
1.16894
1.28691
1.68118
1.15631
1.73061
1.38116
1.63221
1.87191
1.8304
1.98476
1.52883
1.65135
1.11103
1.30368
1.40533
1.28592
1.31822
1.24138
1.16071
1.00231
1.04856
1.07608
1.05034
1.07846
1.16987
1.31744
1.39768
1.29102
1.29749
1.24331
1.26698
1.0029
1.03646
1.03267
1.01444
1.12585
1.14228
1.33998
1.34208
1.28698
1.24774
1.24754
1.21923
0.99751
1.08357
1.03273
1.01216
1.07406
1.14899
1.36134
1.40906
1.30025
1.27753
1.27646
1.20429
1.02882
1.10969
1.02871
1.09882
1.07231
1.09587
1.2943
1.33872
1.35416
1.25629
1.25492
1.20699
1.00486
1.00709
1.04296
1.02997
1.04778
1.16909
1.30518
1.33421
1.28202
1.2548
1.30796
1.20813
1.00379
1.04911
1.03948
1.0628
1.09127
1.19014
1.30334
1.47057
1.28501
1.24622
1.2316
1.17194
1.05998
1.04099
1.02062
1.04104
1.06832
1.11241
1.33428
1.36767
1.28078
1.28018
1.26882
1.16746
0.996691
1.0456
1.0694
1.06653
1.09714
1.15223
1.32482
1.40751
1.29214
1.32074
1.25313
1.26115
1.01678
1.00956
1.02907
1.0168
1.13389
1.15263
1.33067
1.3675
1.28414
1.22942
1.27757
1.19544
1.00365
1.08886
1.02249
0.996936
1.08651
1.13281
1.35164
1.36166
1.28739
1.26473
1.25185
1.21802
1.01131
1.10424
1.00517
1.08705
1.07074
1.10035
1.29192
1.34743
1.34222
1.27631
1.26395
1.20832
0.999395
1.01926
1.02683
1.05089
1.04282
1.19862
1.3102
1.33465
1.30846
1.23975
1.32352
1.18041
1.0067
1.05691
1.02875
1.0681
1.08292
1.1902
1.30702
1.47591
1.28798
1.23374
1.24942
1.18504
1.05885
1.04601
1.05368
1.0458
1.06875
1.1363
1.33866
1.40168
1.27835
1.30448
1.24728
1.16758
1.01333
1.04415
1.0627
1.06793
1.08609
1.14208
1.33018
1.37827
1.30993
1.28256
1.0509
-0.998049
-0.998812
-1.0019
-1.00313
-1.00204
1.00253
1.34557
1.5286
1.60175
1.80379
1.49591
1.54754
1.3794
1.45658
1.24297
1.12909
1.53663
1.87412
1.8248
1.66579
1.01635
1.99615
1.96805
1.77663
1.4125
1.31661
1.11145
1.16136
1.23327
1.06597
1.07746
1.00767
1.02305
1.0919
1.14777
1.24429
1.43958
1.30084
1.14398
1.06623
1.16437
1.11749
1.12966
0.998375
0.996775
1.03988
1.03652
1.16269
1.48442
1.40284
1.17712
1.07659
1.21694
1.06739
1.07638
1.06442
1.0588
1.09748
1.05927
1.15772
1.41038
1.31243
1.24534
1.17308
1.24662
1.07856
1.12267
1.00102
0.999929
1.16523
1.1313
1.16508
1.41546
1.31588
1.10338
1.08046
1.24621
1.15049
1.14226
1.03024
1.02402
1.09669
1.04242
1.2273
1.45117
1.30921
1.12638
1.08972
1.19108
1.09151
1.20463
1.11803
1.05931
1.1212
1.081
1.15775
1.36555
1.35977
1.17751
1.06853
1.21082
1.05244
1.07814
1.03774
1.08897
1.15369
1.10693
1.17721
1.4163
1.30448
1.11882
1.16954
1.23628
1.07548
1.07243
1.00256
1.01575
1.08074
1.16008
1.24929
1.44595
1.3329
1.16516
1.0753
1.17753
1.11019
1.1471
1.02236
1.00379
1.06366
1.02162
1.16555
1.48586
1.39462
1.17385
1.08921
1.21335
1.07439
1.06355
1.07725
1.059
1.08997
1.06227
1.16672
1.37849
1.31245
1.25136
1.18128
1.2336
1.07707
1.11201
1.00858
1.00126
1.15097
1.09377
1.16081
1.41728
1.30958
1.09102
1.08276
1.27416
1.13536
1.15935
1.02564
1.02296
1.0806
1.03836
1.22419
1.42754
1.28712
1.12447
1.10079
1.1776
1.08021
1.19629
1.11332
1.0748
1.09782
1.08933
1.14537
1.38171
1.36632
1.16636
1.07424
1.21083
1.04927
1.10238
1.03827
1.08668
1.19214
1.11878
1.17019
1.40891
1.32557
1.11984
1.16469
1.22146
1.06748
1.09204
0.997824
0.999237
1.11616
1.16179
1.23004
1.42702
1.33275
1.12519
1.06771
1.15338
1.02045
-1.00119
-1.00248
-0.996864
-1.00281
-1.00208
1.33936
1.00318
1.75705
1.42093
1.48643
1.91074
1.70607
2.06691
0.998845
0.996657
1.39839
1.65851
1.59998
1.83201
1.64912
2.16405
1.88276
1.8578
1.94304
1.26331
1.10251
1.18081
1.34329
1.10546
1.04958
1.02464
0.99842
1.2005
1.07524
1.04812
1.30299
1.27094
1.05237
1.09773
1.37445
1.15198
1.08483
1.03675
1.00629
1.1877
1.00297
1.13898
1.37135
1.32596
1.08508
1.09724
1.30472
1.04197
1.12996
1.08775
1.01904
1.14544
1.00321
1.04987
1.27864
1.41479
1.15264
1.13337
1.31588
1.08162
1.06667
0.998594
1.05959
1.17769
1.0132
1.07635
1.30182
1.32876
1.06303
1.21311
1.40133
1.08493
1.06928
1.01215
1.01773
1.08837
1.05551
1.13695
1.32361
1.33964
1.06273
1.11757
1.30622
1.1518
1.13159
1.02678
1.0143
1.11932
1.01789
1.0376
1.35419
1.38321
1.11056
1.16189
1.29114
1.12927
1.06927
1.11413
1.10672
1.14913
1.03643
1.01902
1.29845
1.28033
1.10693
1.20829
1.33948
1.09979
1.03922
1.03497
1.00472
1.1915
1.07134
1.06295
1.29902
1.29948
1.08514
1.09287
1.38526
1.14265
1.11693
1.05044
1.00415
1.16717
0.996248
1.12705
1.35127
1.35809
1.08993
1.08603
1.32626
1.02598
1.13348
1.11695
1.03982
1.14042
0.996936
1.05057
1.28007
1.40169
1.12539
1.12131
1.32376
1.05541
1.05879
0.998689
1.06483
1.18774
1.02364
1.09174
1.28762
1.35094
1.0624
1.20395
1.39518
1.08623
1.06156
1.02272
1.03287
1.08094
1.03117
1.11355
1.30649
1.33923
1.05032
1.13129
1.31922
1.14489
1.11936
1.02806
1.00851
1.13242
1.02013
1.01112
1.33158
1.39544
1.09802
1.1774
1.31667
1.13036
1.07993
1.11797
1.11817
1.15962
1.03185
1.00424
1.29554
1.27743
1.08529
1.18531
1.34116
1.07509
1.05022
1.02767
1.01042
1.19103
1.06673
1.07189
1.29499
1.30243
1.08446
1.09259
1.37222
1.14625
1.11401
-1.02113
-0.997046
-1.00235
-1.01111
-0.997826
1.0943
1.42122
1.53026
1.23546
1.96108
1.43898
1.07322
2.06933
1.28346
1.18738
1.53668
1.83574
2.09179
1.50424
1.71936
1.92033
1.73174
1.87418
1.70147
1.36487
1.30742
1.36357
1.19903
1.31033
1.16082
1.01753
1.05024
1.10028
1.01879
1.12955
1.09159
1.32641
1.33279
1.37538
1.25088
1.33278
1.15676
1.03332
0.998738
1.04812
1.04926
1.12115
1.0596
1.33548
1.2896
1.3237
1.24402
1.36022
1.21001
1.06518
1.01914
1.10936
1.02459
1.08278
1.10145
1.35877
1.31052
1.33589
1.17758
1.30672
1.1713
1.07373
1.08083
1.13975
1.04755
1.11588
1.05487
1.31554
1.36703
1.35526
1.20084
1.27752
1.14589
1.03915
1.02623
1.15268
1.04866
1.15254
1.10142
1.35635
1.30245
1.29842
1.19189
1.31038
1.11811
1.03054
1.03233
1.05352
1.07677
1.12902
1.10384
1.37113
1.32254
1.35268
1.18163
1.28268
1.19507
1.05755
1.00142
1.10019
1.01108
1.08041
1.09202
1.35158
1.32253
1.36007
1.23366
1.30245
1.14663
1.02081
1.04658
1.12009
1.02882
1.10367
1.03653
1.33655
1.33531
1.36694
1.24249
1.33327
1.16663
1.04499
1.00368
1.05253
1.05472
1.14984
1.06627
1.32819
1.31916
1.31683
1.24535
1.33944
1.19259
1.04733
1.01937
1.1156
0.998781
1.08106
1.07496
1.37005
1.29083
1.34017
1.19725
1.28548
1.15991
1.07049
1.03963
1.10984
1.06215
1.13297
1.07403
1.27829
1.31267
1.35948
1.22033
1.30516
1.14291
1.03698
1.04486
1.13685
1.07253
1.13187
1.09045
1.34524
1.29444
1.28994
1.2013
1.32756
1.15248
1.04196
1.02412
1.06904
1.08171
1.15965
1.09982
1.35578
1.3002
1.34076
1.18235
1.28126
1.17292
1.05739
0.998777
1.1095
1.01262
1.09633
1.11318
1.37893
1.34324
1.34643
1.21604
1.31696
1.17454
1.00916
1.047
1.09439
1.02823
1.12435
1.04982
1.33963
1.3092
1.38354
1.23489
1.33018
1.15217
-0.99671
-0.995169
-1.00159
-0.998512
-1.00158
1.00421
1.0486
1.00244
1.00109
1.17496
1.19222
1.61041
1.09918
1.27787
1.00042
1.49062
1.15778
1.8799
1.727
1.87247
1.84154
1.79669
1.80402
1.67634
1.12748
1.30868
1.39048
1.2878
1.29911
1.24727
1.16579
1.00371
1.03896
1.07797
1.05922
1.07219
1.1504
1.33108
1.40222
1.30674
1.29104
1.24852
1.2635
1.01151
0.997453
1.00705
1.00328
1.11483
1.14072
1.32032
1.36618
1.29098
1.26042
1.24794
1.18177
1.00275
1.07435
1.01761
1.01219
1.07543
1.13206
1.33334
1.36695
1.3075
1.2702
1.2624
1.23704
1.00534
1.09453
1.01782
1.09387
1.08106
1.1019
1.28951
1.36442
1.34691
1.29393
1.29089
1.20572
1.00387
1.02628
1.028
1.05342
1.04424
1.17729
1.30442
1.32343
1.28328
1.23178
1.3155
1.18006
1.00265
1.05571
1.03834
1.05999
1.08647
1.18755
1.28858
1.46018
1.29829
1.24791
1.25506
1.16834
1.05583
1.06157
1.05259
1.0405
1.06489
1.1176
1.31292
1.37328
1.2871
1.28837
1.25439
1.15523
0.997433
1.03714
1.08051
1.05495
1.07082
1.16607
1.31923
1.39203
1.29699
1.29728
1.25806
1.24588
1.01891
1.00365
1.01772
1.0041
1.12673
1.15618
1.31656
1.34868
1.30634
1.28268
1.26226
1.22974
1.00538
1.08836
1.03595
1.01489
1.0806
1.14896
1.35323
1.37799
1.30038
1.2771
1.26429
1.20447
1.03249
1.09493
1.02343
1.09251
1.06528
1.10367
1.29998
1.36113
1.33609
1.26278
1.28838
1.19677
1.00432
1.01692
1.02865
1.03716
1.05607
1.16972
1.28571
1.32438
1.29828
1.25104
1.31093
1.20004
1.00543
1.05566
1.02907
1.05707
1.0864
1.20545
1.28931
1.46402
1.28879
1.23727
1.23956
1.16577
1.0642
1.01774
1.03833
1.05091
1.05938
1.11816
1.32448
1.39653
1.28168
1.30035
1.24807
1.17991
1.01615
1.05602
1.08163
1.06385
1.07188
1.15089
1.29983
1.40526
1.30222
1.29046
1.07493
-1.00257
-0.996038
-1.00715
-1.00059
-1.00109
1.01817
1.368
1.01055
1.24274
1.6131
1.66598
1.278
1.35327
1.52133
1.14098
1.71988
1.00056
1.6566
1.87318
1.75004
1.73896
0.997986
0.996733
1.6273
1.92442
1.24315
1.07005
1.13718
1.21667
1.04361
1.09646
1.02351
0.995614
1.05683
1.03724
1.12028
1.41981
1.26509
1.05689
1.04889
1.22301
1.094
1.04518
1.04318
1.07791
1.10173
1.00155
1.17541
1.40705
1.1994
1.08444
1.07685
1.21078
1.03382
1.04696
1.10009
1.01189
1.09611
1.08494
1.17822
1.39351
1.27486
1.0703
1.03687
1.25379
1.04132
1.02062
1.01264
0.995834
1.1166
1.01396
1.16223
1.4836
1.28192
1.02253
1.08702
1.21999
1.01109
1.08173
0.99885
1.00314
1.03357
1.05615
1.2057
1.40279
1.27755
1.09882
1.06852
1.17738
1.05023
1.04912
1.00479
1.03205
1.0549
1.01374
1.10994
1.42006
1.31453
1.02782
1.08975
1.30179
1.08338
1.03698
1.01178
1.00141
1.04529
1.07632
1.16111
1.36711
1.25783
1.05099
1.10571
1.18711
1.07399
1.11522
1.06332
1.01922
1.0907
1.04494
1.13279
1.43494
1.25659
1.03063
1.05344
1.21665
1.09048
1.03726
1.0264
1.07008
1.07652
1.00263
1.17002
1.40747
1.22967
1.10128
1.06046
1.2097
1.01824
1.06164
1.08323
1.02339
1.07805
1.08092
1.16513
1.38536
1.30029
1.09014
1.01509
1.21451
1.0467
1.03697
1.0227
1.00235
1.09978
1.01787
1.13492
1.4629
1.26752
1.0345
1.09151
1.20726
1.02465
1.09283
1.01289
0.996119
1.03428
1.05173
1.21109
1.40904
1.30332
1.12358
1.092
1.18861
1.05161
1.04399
1.02035
1.05282
1.08724
1.00267
1.14081
1.41659
1.34951
1.05152
1.08863
1.27921
1.06795
1.02763
1.0183
1.03219
1.02469
1.04506
1.13396
1.3675
1.25328
1.05225
1.13677
1.22333
1.05315
1.11583
1.05451
0.999115
1.05547
1.05055
1.09598
1.43091
1.26409
1.04937
1.06816
1.20424
1.01352
-0.997572
-1.00094
-0.997935
-1.00053
-0.997934
1.24424
1.00402
1.67016
1.30904
1.63482
1.43118
1.71709
1.48586
1.18475
1.35295
1.7838
1.13623
1.58095
1.67153
0.998674
1.1049
0.996683
1.0005
1.81942
1.84846
1.09897
1.19935
1.35399
1.07674
1.0601
1.02901
1.0009
1.19553
1.08891
1.05421
1.29621
1.31065
1.07477
1.07863
1.349
1.15838
1.09272
1.04607
1.01467
1.16923
0.996819
1.1498
1.38674
1.33479
1.0633
1.08563
1.33095
1.00381
1.11505
1.11196
1.04744
1.12746
1.00561
1.02486
1.27083
1.39759
1.1303
1.14155
1.31241
1.05675
1.07623
1.01001
1.08676
1.17463
1.03346
1.09871
1.28546
1.33982
1.07555
1.20315
1.38489
1.12293
1.07736
1.02688
1.02274
1.08208
1.04307
1.13753
1.31482
1.31531
1.06433
1.10117
1.29364
1.15624
1.12741
1.03591
1.04291
1.12682
1.03162
1.02178
1.35825
1.3841
1.09419
1.15595
1.30889
1.10414
1.05911
1.11091
1.12801
1.15519
1.03077
1.028
1.30728
1.28067
1.09878
1.19676
1.3183
1.07436
1.05503
1.00128
1.01276
1.20367
1.07846
1.04573
1.30285
1.30396
1.06702
1.07992
1.35313
1.16101
1.10749
1.05231
1.01444
1.14648
0.996622
1.11897
1.3771
1.33677
1.07299
1.09227
1.34439
1.01733
1.11849
1.09818
1.044
1.14323
1.0031
1.06762
1.28794
1.39662
1.14204
1.10773
1.32556
1.04059
1.06219
1.02045
1.08327
1.18719
1.02011
1.08473
1.30292
1.34422
1.05937
1.19394
1.39398
1.11267
1.094
0.996775
1.00033
1.08334
1.05444
1.12692
1.30473
1.33515
1.06407
1.13147
1.30525
1.13207
1.11394
1.03259
1.04322
1.11144
1.00428
1.03205
1.3529
1.3787
1.08534
1.13199
1.31349
1.10315
1.05745
1.13141
1.11166
1.13955
1.04127
1.02078
1.34149
1.27274
1.12305
1.20662
1.34314
1.09892
1.07095
1.01592
0.996496
1.21765
1.07401
1.07782
1.316
1.29847
1.0671
1.07862
1.38579
1.14214
1.09412
-1.01841
-0.998808
-0.996511
-1.00008
-0.997276
1.07066
1.44553
1.53834
1.55622
2.15657
1.33204
1.03087
1.17604
1.00085
1.49954
1.70763
1.32334
1.77914
1.84965
1.66079
1.58249
1.57755
1.00228
1.64821
1.77925
1.31085
1.33721
1.17364
1.21531
1.13945
1.02797
0.995772
1.06439
1.03505
1.12495
1.06994
1.23934
1.3707
1.28741
1.19969
1.19111
1.13016
1.0014
0.997508
1.02104
0.997358
1.08654
1.07985
1.27965
1.30467
1.31425
1.27103
1.17831
1.17896
1.00386
0.996788
1.03679
1.03257
1.12592
1.05584
1.29053
1.26323
1.35763
1.17979
1.22636
1.2235
1.00373
1.0037
1.03818
1.01186
1.05855
1.05391
1.27182
1.26194
1.33088
1.19138
1.21254
1.1376
1.01238
1.06709
0.99819
1.05095
1.09495
1.05107
1.25252
1.31614
1.36122
1.18625
1.23344
1.15206
1.02347
0.996984
0.998485
1.07727
1.03816
1.08732
1.24599
1.25819
1.32091
1.18053
1.20935
1.10824
1.02899
1.03657
1.04761
1.02595
1.04402
1.12997
1.21372
1.32257
1.32847
1.15709
1.21427
1.16512
1.04614
1.00194
1.06413
1.04172
1.12316
1.0638
1.2681
1.38622
1.28588
1.17571
1.16916
1.09905
1.01582
0.999016
1.05786
1.00086
1.11034
1.08512
1.29389
1.29009
1.32983
1.23341
1.18836
1.1602
1.00029
1.0031
1.01173
1.02813
1.10177
1.05431
1.29257
1.28147
1.34651
1.196
1.19224
1.22166
0.998967
0.998487
1.01376
0.997371
1.04896
1.06084
1.26497
1.24936
1.33696
1.20735
1.21624
1.14374
0.99884
1.07059
1.0034
1.04901
1.08151
1.04544
1.24238
1.29837
1.3708
1.18443
1.24926
1.14266
1.03484
0.997034
1.01483
1.11441
1.04858
1.07008
1.2523
1.27084
1.33097
1.17957
1.22782
1.10638
1.00327
1.00525
1.06903
1.0585
1.07054
1.12367
1.2356
1.32483
1.35064
1.17674
1.21292
1.14209
1.03864
0.995769
1.0722
1.02406
1.11348
1.04799
1.23135
1.36084
1.30575
1.19138
1.19847
1.14259
-1.00009
-0.996621
-0.999847
-1.03288
-0.997625
0.999262
0.999238
1.29342
1.04036
1.5779
1.5114
1.88454
0.996797
1.08702
1.06473
1.47992
1.51955
1.81584
1.73907
1.15092
1.87957
1.64343
1.0014
1.57472
1.79821
1.32026
1.39639
1.27081
1.28493
1.25758
1.16135
0.998937
1.04615
1.07349
1.0324
1.06735
1.16824
1.33806
1.42885
1.31858
1.31641
1.25597
1.25152
1.00555
0.997158
1.02954
1.01086
1.11755
1.14139
1.31764
1.33289
1.30138
1.27492
1.2635
1.21582
0.997786
1.08782
1.03191
0.997224
1.07836
1.13337
1.34773
1.38168
1.30538
1.28172
1.26922
1.22181
1.01142
1.11836
1.00621
1.07942
1.06952
1.12168
1.29707
1.34637
1.32898
1.27677
1.27945
1.17032
1.00217
1.04503
1.03073
1.05911
1.05241
1.16942
1.30914
1.34531
1.30011
1.27631
1.31014
1.18555
1.00174
1.05745
1.02831
1.05674
1.09472
1.18899
1.29898
1.46597
1.29847
1.22966
1.25471
1.19442
1.05662
1.05672
1.04492
1.05626
1.0576
1.12258
1.31368
1.3813
1.27007
1.27249
1.24952
1.16001
1.00622
1.05998
1.0696
1.05521
1.0703
1.15175
1.32585
1.38183
1.30082
1.31803
1.25781
1.26186
0.997482
1.00416
1.02056
1.03365
1.11652
1.15806
1.32309
1.35946
1.2999
1.26134
1.2549
1.22416
1.00174
1.06523
1.02309
1.01409
1.0758
1.13534
1.36793
1.37182
1.30825
1.28041
1.28748
1.2349
1.01148
1.09214
1.01505
1.09339
1.06089
1.12492
1.30607
1.32292
1.33918
1.28926
1.27515
1.19916
1.01258
1.03209
1.03713
1.04102
1.05059
1.1774
1.31102
1.32988
1.30424
1.25237
1.30287
1.18376
1.0081
1.07374
1.02106
1.07302
1.08392
1.20968
1.30353
1.45057
1.29184
1.22013
1.23647
1.19401
1.06203
1.05172
1.01625
1.05688
1.0662
1.12302
1.30431
1.38889
1.29042
1.32444
1.24994
1.16393
0.999184
1.06549
1.07688
1.03571
1.07016
1.17566
1.31485
1.40047
1.31819
1.2994
1.08364
-0.997748
-0.995704
-1.01087
-1.00309
-0.996424
1.00688
1.36773
1.54698
1.20044
1.75544
1.00226
1.49964
1.68441
2.17096
1.51807
1.18068
0.998294
1.8562
1.24943
1.45446
1.68201
1.55067
1.95208
1.57934
1.9967
1.31988
1.07075
1.11853
1.23925
1.05011
1.07759
1.04199
1.01882
1.09469
1.04434
1.07622
1.41091
1.26338
1.06378
1.0596
1.23247
1.12212
1.07437
1.0263
1.043
1.09096
1.02661
1.16158
1.47287
1.26621
1.04116
1.00337
1.23743
1.07008
1.08048
1.06578
1.04506
1.08033
1.05302
1.13178
1.42569
1.32701
1.06064
1.0335
1.21851
1.06997
1.10842
1.05815
1.03901
1.10723
1.05199
1.12356
1.4232
1.29778
1.05323
1.07588
1.26319
1.02344
1.05884
1.00217
1.06063
1.10236
1.04071
1.18081
1.43622
1.30482
1.04143
1.05331
1.21339
1.0731
1.07999
1.01756
1.03056
1.0315
1.05891
1.13866
1.42115
1.35541
1.04903
1.04253
1.22575
1.07843
1.08107
1.04872
1.06329
1.05403
1.0386
1.12054
1.45818
1.31093
1.07235
1.10766
1.24631
1.06521
1.0672
1.04571
1.01966
1.07444
1.05265
1.10397
1.42375
1.25527
1.07244
1.08329
1.20379
1.12432
1.07133
1.03958
1.05883
1.077
1.03859
1.12301
1.44089
1.26002
1.04729
1.00259
1.253
1.08065
1.07147
1.05232
1.06366
1.07529
1.03584
1.12963
1.41102
1.32201
1.06444
1.03508
1.21409
1.04529
1.10559
1.06466
1.04583
1.12268
1.05484
1.09723
1.43346
1.28591
1.04523
1.0513
1.23351
1.04571
1.04135
0.999104
1.06711
1.10412
1.04369
1.1876
1.42786
1.29971
1.06145
1.05195
1.23224
1.07807
1.08123
1.00718
1.00384
1.04126
1.04721
1.1246
1.42064
1.35489
1.05314
1.0237
1.24272
1.08008
1.08687
1.08041
1.04904
1.07426
1.05564
1.09438
1.44147
1.28335
1.06272
1.10823
1.22727
1.0598
1.08891
1.0584
1.04729
1.08795
1.06038
1.10317
1.41871
1.25862
1.05658
1.05697
1.2275
1.0472
-0.999007
-1.00176
-0.998308
-1.00352
-0.999967
1.26728
1.00235
1.84929
1.00156
1.61051
1.51445
1.69841
1.98753
1.7145
1.75807
1.55584
1.42151
1.56156
1.00284
1.18619
1.50976
1.5199
1.97938
1.84474
1.8761
1.10694
1.16483
1.34364
1.07307
1.04818
1.00301
1.0042
1.1983
1.07245
1.05983
1.30544
1.29084
1.07627
1.10408
1.37193
1.13898
1.1022
1.0331
1.01964
1.18001
0.998774
1.14228
1.36826
1.32886
1.08959
1.09367
1.34242
1.0082
1.10374
1.10996
1.03798
1.11868
1.00411
1.02502
1.26226
1.39881
1.14556
1.1163
1.30847
1.06098
1.08214
0.998818
1.05358
1.17172
1.03229
1.09186
1.29344
1.33138
1.04721
1.18533
1.39853
1.11369
1.09285
1.00174
1.04556
1.09817
1.06031
1.12482
1.30471
1.3247
1.05971
1.11666
1.30897
1.13361
1.13334
1.03229
1.02617
1.09908
0.997952
1.01893
1.36064
1.38996
1.10024
1.14603
1.31756
1.1383
1.056
1.11144
1.0972
1.16461
1.02673
1.03319
1.31482
1.26167
1.09799
1.17927
1.35168
1.05686
1.06258
1.01709
0.997269
1.20409
1.07255
1.04868
1.30988
1.29396
1.05266
1.10258
1.39157
1.12928
1.08007
1.01655
1.01403
1.14923
0.996118
1.12054
1.37133
1.33791
1.08606
1.09882
1.32516
1.00266
1.10962
1.13336
1.05396
1.14352
1.00675
1.06946
1.27112
1.41298
1.12203
1.12415
1.3165
1.05205
1.06601
0.997712
1.07652
1.18848
1.02893
1.05868
1.28609
1.32678
1.05617
1.20262
1.39615
1.09515
1.0938
1.02772
1.02452
1.07416
1.06151
1.13324
1.30451
1.33844
1.05126
1.10072
1.29017
1.13138
1.13516
1.04107
1.0537
1.10019
0.9972
1.03549
1.33259
1.38467
1.10692
1.14173
1.2919
1.11334
1.07757
1.1203
1.12725
1.14623
1.02975
1.00123
1.28559
1.27141
1.10464
1.2055
1.34813
1.07701
1.04085
0.996897
1.0147
1.2099
1.09572
1.06682
1.31864
1.30318
1.05878
1.08244
1.37485
1.15784
1.10458
-0.998473
-0.997562
-1.01513
-1.00364
-0.995967
1.10862
1.39785
1.52907
1.38691
1.81221
1.18214
1.00168
1.47451
1.47188
1.61591
1.94321
1.59162
1.26817
1.14825
1.45214
1.76339
1.78664
2.0066
1.6734
1.83549
1.23868
1.34785
1.20144
1.24825
1.08489
1.03002
1.01323
1.04775
1.00511
1.09675
1.10772
1.28059
1.29962
1.32294
1.18464
1.24827
1.09449
1.03235
0.997889
1.05663
0.997165
1.08929
1.0527
1.24538
1.27836
1.31158
1.23697
1.22692
1.10382
1.02102
1.00237
1.03556
1.01016
1.11982
1.05169
1.25818
1.24335
1.32546
1.21537
1.22747
1.12455
1.02695
0.999724
1.02596
0.997387
1.07994
1.06811
1.31474
1.22978
1.30013
1.20047
1.21199
1.11438
1.02282
1.0681
1.01674
1.00254
1.1014
1.07548
1.28081
1.2381
1.32778
1.18411
1.2128
1.0938
1.00266
1.01972
1.05571
1.04705
1.09109
1.05379
1.28229
1.26712
1.33785
1.19305
1.24914
1.08198
1.02025
1.00891
1.0044
1.01161
1.10122
1.12115
1.24368
1.24192
1.34737
1.19278
1.24864
1.07851
1.01146
1.00315
1.06186
0.996567
1.07557
1.12619
1.28824
1.29636
1.32732
1.16812
1.23774
1.09723
1.04692
1.00446
1.07093
1.00239
1.09094
1.04242
1.24983
1.26743
1.30142
1.25047
1.21021
1.09537
1.03107
1.01643
1.05697
1.01507
1.09968
1.05996
1.25135
1.25699
1.32256
1.22382
1.21688
1.13544
1.0226
1.00377
1.04672
1.00577
1.10461
1.08118
1.33611
1.23053
1.3244
1.19811
1.21631
1.11993
1.02262
1.07462
1.01023
0.998588
1.10844
1.08007
1.28505
1.24163
1.32087
1.19882
1.2199
1.08456
1.019
1.03583
1.05583
1.04408
1.09923
1.06376
1.27614
1.2733
1.33559
1.17506
1.25863
1.07297
1.01623
1.00666
1.01616
1.01855
1.10643
1.12587
1.22974
1.23389
1.33019
1.19175
1.24703
1.09029
1.00414
0.999139
1.05349
0.998945
1.086
1.10408
1.28809
1.30777
1.29771
1.17927
1.24417
1.10261
-1.00175
-1.0014
-1.00224
-1.00883
-0.996805
1.00745
0.998973
1.00359
1.00219
1.0332
1.02943
1.59217
1.4288
1.48564
1.71725
1.86197
1.62099
1.08831
1.09028
1.39397
1.95897
1.86083
1.95685
1.55077
1.81257
1.3145
1.41152
1.29333
1.31164
1.26232
1.16093
1.01577
1.02751
1.08781
1.03898
1.07852
1.14607
1.32369
1.37792
1.29541
1.29466
1.26005
1.26066
1.00966
0.997095
1.02069
1.03096
1.12552
1.1529
1.31738
1.37358
1.29053
1.26518
1.24729
1.21115
1.00379
1.07467
1.02258
0.997085
1.08177
1.14326
1.37272
1.38383
1.30015
1.2926
1.26085
1.23008
1.02105
1.0956
1.01397
1.10566
1.07519
1.09988
1.3025
1.32151
1.34493
1.25661
1.24594
1.19189
0.996287
1.02485
1.04336
1.04779
1.07107
1.18113
1.29623
1.3771
1.29088
1.24474
1.33155
1.20973
1.00868
1.06387
1.04873
1.07193
1.10546
1.18348
1.29285
1.43092
1.28766
1.22008
1.23303
1.16651
1.06003
1.06452
1.03774
1.03204
1.0664
1.11571
1.32358
1.37814
1.26413
1.31726
1.24534
1.1825
1.0059
1.04611
1.0824
1.05874
1.06126
1.16591
1.3204
1.3906
1.30951
1.30535
1.24589
1.2482
1.00208
1.00621
1.02699
1.02164
1.11217
1.15536
1.3397
1.35004
1.28997
1.23165
1.27117
1.18509
0.998325
1.07513
1.02073
0.998248
1.07448
1.14178
1.36285
1.39945
1.28833
1.28512
1.27568
1.21144
1.03991
1.10782
1.02523
1.08238
1.08778
1.09747
1.32011
1.32949
1.34432
1.264
1.27541
1.16153
1.00433
1.00682
1.03843
1.0472
1.05699
1.16844
1.31086
1.34062
1.29611
1.2592
1.30393
1.21729
1.0051
1.08575
1.03468
1.0775
1.08667
1.18606
1.28604
1.43243
1.29794
1.22531
1.25176
1.17074
1.04723
1.04679
1.0127
1.06149
1.06433
1.10458
1.30665
1.41219
1.29154
1.30504
1.25734
1.14704
1.00733
1.02392
1.0484
1.0572
1.08122
1.14871
1.3211
1.41298
1.31689
1.30599
1.04456
-0.998717
-1.00109
-0.998885
-0.998476
-0.996151
1.01713
1.33228
1.00963
1.43834
1.8042
1.53481
1.42839
1.06536
1.614
1.00326
1.16733
1.19008
1.83663
1.92708
1.75685
1.61933
1.08785
2.03782
2.05355
1.94904
1.34622
1.08203
1.0734
1.2208
1.08608
1.17639
1.03347
1.02253
1.05287
1.09877
1.2149
1.47318
1.36578
1.11404
1.09481
1.16907
1.06343
1.14492
1.03521
1.06279
1.09191
1.07815
1.16581
1.43126
1.3741
1.20941
1.15419
1.18632
1.09089
1.07824
1.00046
1.05169
1.12909
1.15131
1.16678
1.40238
1.3158
1.15364
1.14081
1.28282
1.11797
1.08344
1.01499
0.997095
1.06194
1.1118
1.19085
1.45113
1.32283
1.15373
1.09487
1.22162
1.11989
1.18346
1.06659
1.00748
1.11606
1.03412
1.17015
1.42878
1.36677
1.18576
1.10402
1.18902
1.06012
1.12979
1.0647
1.10151
1.12813
1.07719
1.16012
1.37054
1.30175
1.19095
1.12826
1.2336
1.07665
1.10692
1.03175
1.03628
1.15852
1.14359
1.22906
1.39757
1.3445
1.1015
1.09393
1.23082
1.10754
1.1597
1.02086
1.00995
1.0523
1.09763
1.20971
1.47683
1.35441
1.12964
1.10047
1.16017
1.07633
1.12764
1.05367
1.07434
1.09418
1.06229
1.15641
1.41607
1.37002
1.21165
1.14263
1.19889
1.07847
1.10316
1.02174
1.05533
1.1296
1.13726
1.16278
1.39358
1.28382
1.16011
1.14387
1.24874
1.10808
1.08086
1.00633
0.997693
1.07242
1.1484
1.1805
1.46786
1.3206
1.15713
1.10671
1.21205
1.13184
1.1681
1.07273
0.999612
1.1257
1.0244
1.14343
1.41676
1.36558
1.23008
1.09188
1.20073
1.05582
1.13959
1.09192
1.08235
1.13594
1.04314
1.15457
1.37448
1.30656
1.23515
1.10775
1.25997
1.09717
1.09673
1.04622
1.03749
1.14509
1.13489
1.23294
1.39278
1.32279
1.07616
1.07336
1.21142
1.08182
1.17835
1.02719
1.01819
1.04307
1.09729
1.19237
1.47187
1.34794
1.10531
1.10829
1.17767
0.998747
-0.996621
-0.998179
-1.00197
-0.997459
-0.997369
1.25516
1.08163
1.57995
1.456
1.75
1.68271
1.58503
1.51254
1.3146
1.02088
1.6003
1.3864
1.76273
1.69685
1.65616
1.21355
1.00071
1.94269
2.15699
1.87915
1.10597
1.20514
1.34657
1.08377
1.06647
1.02095
0.999763
1.19351
1.08251
1.0661
1.30404
1.28675
1.08112
1.08973
1.36947
1.15816
1.08638
1.0162
1.01132
1.16293
1.0131
1.12728
1.38454
1.33363
1.10596
1.11398
1.32792
1.02788
1.13928
1.10401
1.04033
1.13128
0.997192
1.04697
1.26435
1.40042
1.13726
1.12035
1.30644
1.05863
1.05904
1.01746
1.06189
1.20571
1.03699
1.07654
1.28833
1.34647
1.05437
1.21306
1.42264
1.11949
1.09191
0.996222
1.02678
1.07824
1.05524
1.15019
1.3227
1.33993
1.07253
1.11078
1.30522
1.13641
1.12861
1.01646
1.01984
1.12634
1.00692
1.00236
1.34661
1.40667
1.07703
1.18616
1.30611
1.14433
1.07034
1.11728
1.11051
1.14972
1.03697
1.02365
1.32805
1.27734
1.11823
1.20398
1.34747
1.09628
1.05337
1.01219
1.00852
1.22368
1.07887
1.05632
1.3
1.30171
1.05593
1.08463
1.37089
1.13157
1.10782
1.06026
0.998764
1.17253
1.0045
1.14624
1.39735
1.34929
1.0698
1.10567
1.33595
1.02186
1.13412
1.12016
1.04828
1.12897
1.00719
1.04277
1.26623
1.39988
1.12999
1.1075
1.33131
1.06483
1.0611
1.01082
1.07097
1.17573
1.02778
1.08631
1.27826
1.33265
1.05156
1.20799
1.39487
1.0829
1.08142
1.01014
1.01584
1.08163
1.05087
1.11011
1.29958
1.34026
1.0879
1.11665
1.30308
1.14227
1.13812
1.03528
1.02806
1.11881
1.01807
1.02539
1.36159
1.39355
1.09702
1.15438
1.29792
1.10497
1.06171
1.11093
1.11231
1.14145
1.02664
1.03889
1.30436
1.28313
1.13817
1.1921
1.34145
1.09453
1.06247
1.0232
1.02659
1.21406
1.08456
1.05599
1.3034
1.29505
1.06214
1.10252
1.3736
1.13538
1.10059
-1.00681
-0.99743
-0.996197
-1.00442
-1.00207
1.09659
1.41081
1.51319
1.34343
2.1071
1.00118
1.60208
1.22465
0.998875
1.02832
1.65624
1.09572
1.91209
1.6213
1.59925
1.542
1.88289
1.92472
1.8891
1.9291
1.29163
1.30648
1.19184
1.30581
1.15854
1.03556
1.0026
1.11322
1.01018
1.10597
1.03886
1.25976
1.29505
1.33136
1.18304
1.28307
1.1583
1.02156
1.00042
1.07775
1.0097
1.15078
1.06262
1.3528
1.27138
1.28542
1.21185
1.28158
1.1422
1.00572
1.01284
1.11291
1.02997
1.11894
1.07735
1.37139
1.25288
1.3338
1.16027
1.24839
1.1386
0.998868
1.00465
1.04779
1.04712
1.12142
1.08071
1.32971
1.3102
1.3546
1.20374
1.30736
1.11882
0.999869
1.01254
1.08558
1.05389
1.10628
1.08456
1.34942
1.3189
1.32768
1.17004
1.27761
1.11314
1.03476
1.00458
1.00214
1.01811
1.11412
1.06842
1.28542
1.33113
1.34164
1.1764
1.30126
1.12133
1.0378
1.00035
1.06391
0.9975
1.06015
1.09235
1.32733
1.34221
1.34184
1.20963
1.31857
1.16243
1.01377
0.997814
1.08317
1.00962
1.12514
1.03529
1.28581
1.31966
1.3189
1.14338
1.25837
1.1609
1.0414
0.997954
1.07242
1.00865
1.12804
1.06021
1.34456
1.2832
1.2926
1.20701
1.29046
1.20312
1.01492
1.01514
1.11079
1.05683
1.09241
1.07548
1.35525
1.26881
1.33969
1.16436
1.24458
1.11975
1.00797
1.01143
1.05958
1.03435
1.10596
1.0598
1.3371
1.29356
1.33603
1.17517
1.28219
1.11545
1.0059
1.00331
1.08975
1.04516
1.07975
1.06979
1.33978
1.31407
1.34292
1.20447
1.31994
1.13428
1.03967
0.997334
1.01746
0.999667
1.09863
1.05779
1.30499
1.3098
1.37178
1.19756
1.3031
1.10055
1.04372
1.00004
1.09995
0.999733
1.0487
1.07594
1.30597
1.3216
1.33123
1.21986
1.31903
1.17392
1.0411
1.03146
1.11075
1.01859
1.12281
1.02186
1.27912
1.30346
1.33613
1.18898
1.28258
1.17851
-1.00262
-1.00038
-0.998237
-1.00361
-0.996989
0.999786
1.00223
1.30445
1.00008
1.61523
1.40104
1.33302
1.0997
1.00323
1.00237
1.32438
1.36127
1.94279
1.50223
1.85304
1.92728
1.99112
1.87027
1.85994
1.76664
1.31572
1.39687
1.27883
1.31568
1.25008
1.15016
1.00109
1.06254
1.07646
1.05398
1.0694
1.16811
1.30742
1.39143
1.30498
1.29892
1.2423
1.25703
1.00526
1.00225
1.01983
1.03366
1.10924
1.13433
1.3067
1.33837
1.29573
1.23128
1.2652
1.19547
1.00922
1.07662
1.02924
1.00565
1.06233
1.12652
1.35301
1.37571
1.30254
1.26965
1.28649
1.22272
1.02213
1.09214
1.01412
1.10682
1.07427
1.1065
1.29944
1.35917
1.35517
1.28403
1.2579
1.18833
0.997807
1.03541
1.02964
1.03396
1.04981
1.16647
1.29705
1.34654
1.29505
1.27616
1.31469
1.20311
1.01859
1.0463
1.03749
1.06831
1.08176
1.21302
1.29762
1.47397
1.29585
1.24824
1.23233
1.17309
1.0375
1.04439
1.03113
1.0367
1.05922
1.11528
1.33369
1.37767
1.27342
1.29175
1.25569
1.14522
1.00176
1.03682
1.08617
1.04275
1.07829
1.14145
1.31604
1.41054
1.29961
1.31044
1.25727
1.24898
1.01783
1.01293
1.02978
1.00992
1.10824
1.16002
1.32116
1.33886
1.28751
1.25998
1.26613
1.22717
1.00795
1.0864
1.02336
1.0249
1.07558
1.13557
1.36395
1.36516
1.28887
1.27357
1.27752
1.22496
1.00839
1.10121
1.02351
1.08796
1.06815
1.14512
1.2955
1.35959
1.33862
1.2735
1.27176
1.19236
1.00257
1.00083
1.01956
1.03657
1.06106
1.18157
1.30556
1.33969
1.30878
1.25066
1.29285
1.1843
1.0121
1.03691
1.02238
1.0427
1.09269
1.18795
1.29864
1.44745
1.2854
1.21855
1.25111
1.17698
1.06338
1.04701
1.04379
1.04785
1.08301
1.12226
1.33189
1.41966
1.28951
1.28817
1.25882
1.16541
1.00307
1.02525
1.06384
1.05524
1.07435
1.1711
1.32499
1.38571
1.29577
1.28192
1.06109
-1.00289
-0.997128
-1.00662
-0.998305
-0.995591
1.00014
1.38535
1.56825
1.58645
1.80388
1.50249
1.77076
1.59071
1.7692
2.11076
0.997587
1.25662
1.31891
2.00115
1.43834
1.71641
2.06711
1.81242
1.9364
2.01196
1.38869
1.03933
1.07367
1.22711
1.08958
1.07059
1.01012
1.04179
1.11571
1.07493
1.24719
1.42235
1.28197
1.08002
1.14186
1.17098
1.09517
1.09349
1.01281
1.0508
1.05597
1.06936
1.16469
1.43785
1.44575
1.06729
1.04777
1.21426
1.11611
1.03448
0.999296
1.04966
1.08917
1.05086
1.11994
1.44051
1.35073
1.10071
1.16513
1.23515
1.06884
1.07293
1.04512
0.999837
1.14492
1.04692
1.14972
1.40962
1.32305
1.08167
1.09347
1.22716
1.18257
1.07801
1.01453
1.03781
1.13233
1.00298
1.1649
1.43845
1.3196
1.06578
1.07597
1.21671
1.10362
1.09283
1.12791
1.05081
1.09853
1.05473
1.21379
1.36608
1.36265
1.08122
1.08213
1.21787
1.06436
1.07294
1.00601
1.06339
1.21679
1.05522
1.15079
1.42762
1.38021
1.03678
1.06261
1.21899
1.07205
1.06395
1.00639
1.02424
1.11013
1.08044
1.2467
1.44242
1.28615
1.07571
1.12717
1.18428
1.09561
1.07598
1.00505
1.03736
1.0521
1.0591
1.17304
1.43498
1.43249
1.06536
1.07826
1.212
1.1032
1.04384
1.02301
1.06027
1.08777
1.05065
1.12527
1.43829
1.36167
1.08285
1.15905
1.22886
1.0713
1.08509
1.07462
0.998973
1.14639
1.08661
1.19782
1.43275
1.332
1.08382
1.10234
1.20671
1.16973
1.07886
1.02689
1.01928
1.14241
1.01151
1.149
1.45275
1.32597
1.0828
1.07681
1.23502
1.09388
1.08557
1.09946
1.04518
1.09221
1.06023
1.21144
1.36391
1.36085
1.08826
1.07005
1.22607
1.06598
1.09341
1.02303
1.04547
1.2145
1.04242
1.1454
1.42674
1.39187
1.03666
1.06918
1.22202
1.08298
1.06332
1.00036
1.04003
1.10636
1.06219
1.24505
1.43097
1.28191
1.08522
1.14425
1.16753
1.00586
-0.996619
-1.00409
-1.00304
-1.00182
-1.00148
1.28468
1.00427
1.78746
1.41591
1.53171
1.56439
1.61975
1.7688
1.27425
2.04807
1.64308
1.6106
1.01778
1.73119
1.88498
1.49408
1.86848
1.81147
2.14101
1.89667
1.10845
1.17744
1.34929
1.07648
1.06821
1.01145
1.01404
1.20821
1.07458
1.04359
1.28879
1.28631
1.08018
1.08765
1.37512
1.13396
1.0973
1.03304
1.03134
1.1615
1.00174
1.12097
1.38801
1.34626
1.087
1.07082
1.34908
1.01745
1.10832
1.08924
1.05437
1.14162
1.00116
1.07535
1.28714
1.41192
1.13119
1.12516
1.32639
1.05311
1.06695
0.998112
1.06953
1.16729
1.02162
1.07022
1.29058
1.32701
1.0655
1.19939
1.39749
1.09975
1.09179
1.00104
1.0278
1.09791
1.04238
1.13762
1.30852
1.33251
1.04623
1.11503
1.30473
1.13383
1.12206
1.02233
1.04836
1.11184
1.01998
1.02957
1.34978
1.38892
1.0918
1.13085
1.31543
1.13252
1.07189
1.09931
1.14164
1.16399
1.04789
1.01275
1.33478
1.27637
1.13807
1.18554
1.34754
1.06656
1.06733
1.01215
1.00399
1.19436
1.07679
1.04934
1.31504
1.312
1.05969
1.10129
1.38529
1.15906
1.11009
1.0351
1.01682
1.15946
0.996335
1.10349
1.39029
1.35037
1.07632
1.07698
1.33877
1.04523
1.12583
1.09992
1.05642
1.1164
1.00863
1.06735
1.28503
1.39907
1.13111
1.11355
1.30236
1.0867
1.06538
1.00214
1.06508
1.19133
1.02896
1.08557
1.30202
1.34099
1.05659
1.18749
1.38533
1.1035
1.08556
1.00916
1.02066
1.06575
1.03513
1.1283
1.31167
1.30953
1.07444
1.09631
1.31093
1.1495
1.12066
1.02372
1.06173
1.11473
0.999924
1.00815
1.36341
1.39373
1.08613
1.15259
1.32947
1.13907
1.06998
1.12745
1.13063
1.14979
1.02776
1.01186
1.31342
1.27122
1.11565
1.17457
1.34286
1.08192
1.06755
1.03719
1.00931
1.20344
1.08552
1.0436
1.30973
1.31486
1.05833
1.08447
1.37064
1.1403
1.10245
-1.0002
-1.01444
-1.00908
-0.997862
-1.0032
1.09023
1.43955
1.55869
1.24404
1.97032
1.45125
1.51489
1.85312
1.94545
2.25159
1.62807
1.47173
2.10643
1.59966
1.45422
1.93354
1.69762
1.81587
1.90164
1.90094
1.23669
1.34559
1.24083
1.31717
1.12272
1.02155
1.00244
1.04237
1.00318
1.08381
1.03765
1.25884
1.2835
1.34439
1.16744
1.2892
1.15044
1.06316
1.01434
1.09457
1.03794
1.12575
1.07239
1.28995
1.24958
1.29342
1.18569
1.28867
1.11762
1.01002
1.04685
1.09972
1.03866
1.12068
1.092
1.3089
1.24074
1.31936
1.17291
1.22993
1.12879
1.04177
1.00085
1.06434
1.09537
1.14681
1.04517
1.35198
1.25594
1.33472
1.17494
1.28903
1.10399
1.00646
0.997597
1.05009
0.998287
1.08262
1.14078
1.33191
1.27827
1.32759
1.20501
1.27781
1.07222
1.00006
0.998195
0.999276
1.00316
1.10523
1.05999
1.32092
1.2976
1.34206
1.17979
1.31159
1.10146
1.01225
0.998468
1.03379
1.00246
1.0832
1.07613
1.30439
1.25159
1.34389
1.24361
1.31713
1.10763
1.04209
1.00799
1.03387
1.00268
1.08347
1.03699
1.26641
1.26471
1.34708
1.18317
1.3222
1.14189
1.04987
1.01418
1.08324
1.03538
1.08454
1.06423
1.27403
1.23283
1.30838
1.18644
1.29125
1.11954
1.02362
1.07027
1.09005
1.03981
1.13053
1.06731
1.29792
1.25679
1.31127
1.16715
1.22466
1.12343
1.04863
0.998828
1.05975
1.08087
1.1126
1.05006
1.3268
1.25655
1.33947
1.1673
1.25658
1.1011
1.00409
1.00962
1.04922
1.02232
1.11431
1.12782
1.34576
1.26551
1.35346
1.21745
1.26677
1.10016
1.01283
1.00028
1.01434
1.01676
1.11726
1.0561
1.32178
1.29865
1.34105
1.18692
1.30557
1.10767
1.02112
1.0021
1.01972
0.999441
1.08386
1.06649
1.31258
1.27437
1.32691
1.22427
1.32387
1.1209
1.0411
1.0144
1.05681
1.01987
1.08683
1.04385
1.26042
1.26043
1.33532
1.19714
1.29564
1.16913
-1.00118
-1.00109
-1.00387
-0.998745
-0.997891
0.999813
1.00008
1.00194
1.02302
1.21123
0.999516
1.02693
1.46238
2.00912
2.12168
1.47206
1.31946
1.96848
1.60898
2.15447
1.86752
1.76676
1.78042
1.89138
1.77634
1.31044
1.38806
1.29497
1.30994
1.25295
1.15571
1.00568
1.05503
1.04961
1.05025
1.07228
1.15575
1.30752
1.39579
1.32277
1.30669
1.25419
1.24266
1.01024
0.998213
1.03064
1.02162
1.11039
1.15472
1.32339
1.36665
1.29204
1.25838
1.25364
1.21618
1.00652
1.07697
1.03628
1.02054
1.07795
1.12897
1.37034
1.38351
1.31125
1.27379
1.28797
1.21462
1.02997
1.09502
1.01657
1.07135
1.06821
1.12449
1.29593
1.35696
1.3403
1.26158
1.26966
1.18782
1.01282
1.03867
1.03642
1.05213
1.05572
1.1748
1.3203
1.34453
1.28573
1.25083
1.31876
1.20372
1.01597
1.07616
1.02724
1.07129
1.06938
1.1889
1.30291
1.47376
1.29161
1.23549
1.26832
1.16986
1.06722
1.04149
1.04427
1.02208
1.04031
1.11127
1.29177
1.39352
1.28472
1.3069
1.23431
1.16666
0.996932
1.07352
1.08481
1.04949
1.08107
1.15955
1.31866
1.39781
1.31994
1.29552
1.25428
1.25539
0.999648
1.00042
1.02485
1.01124
1.11561
1.14212
1.32197
1.37704
1.28409
1.25146
1.26616
1.19374
1.00485
1.07782
1.03817
1.00622
1.0755
1.12791
1.3469
1.3663
1.32084
1.28245
1.26176
1.21233
1.0242
1.0904
1.01385
1.08765
1.06626
1.12121
1.27918
1.33809
1.34874
1.27261
1.26067
1.17931
1.02128
1.01242
1.04719
1.02306
1.04698
1.16949
1.31876
1.3425
1.27921
1.25553
1.31539
1.20525
1.01147
1.04791
1.02971
1.07532
1.09126
1.18854
1.30307
1.46964
1.29312
1.22597
1.26661
1.18706
1.06184
1.04246
1.04725
1.03689
1.07386
1.12509
1.31084
1.37162
1.28219
1.31345
1.25619
1.15961
1.01372
1.03465
1.07889
1.0526
1.07269
1.16152
1.32514
1.40903
1.28769
1.29208
1.08063
-0.998981
-1.0026
-1.02891
-1.00388
-0.996712
