1.2124
1.61884
1.65171
1.16539
1.82235
1.74783
1.421
1.64213
1.57413
1.53534
1.44259
0.996644
1.5012
1.52599
1.22287
1.44736
1.24895
1.27477
1.71861
1.87419
1.56863
1.25397
1.37966
1.2833
1.30361
1.58441
1.13532
1.44036
1.22044
1.11413
1.60793
1.73298
1.97077
1.71387
2.11451
1.49252
1.42244
1.56115
1.30386
1.69071
1.65929
1.80466
1.65926
1.78501
1.65446
1.57709
1.88103
1.6102
1.36096
1.47082
1.4342
1.85171
1.75265
1.56157
1.60725
1.61452
1.388
1.68569
1.6989
1.63328
1.32012
1.45095
1.01551
1.6895
1.60304
1.62087
1.48387
1.77536
1.65331
1.43597
1.90817
1.43596
1.59979
1.67635
1.36955
1.77384
1.7867
1.62931
1.55825
1.67963
1.52874
1.55412
1.99622
1.66014
1.57667
1.54916
1.29192
1.75069
1.57989
1.63177
1.363
1.77261
1.53902
1.61401
1.71918
1.57848
1.0806
1.38114
1.28445
1.87334
1.77559
1.5962
1.36244
1.57095
1.65577
1.58147
1.97707
1.4351
1.6643
1.63645
1.11302
1.74986
1.63842
1.72317
1.59654
1.81305
1.51965
1.50547
1.87616
1.54338
1.38948
1.58342
1.38103
1.88585
1.74656
1.55568
1.5305
1.64066
1.42971
1.65782
1.63943
1.74847
1.38995
1.4494
1.17353
1.739
1.57776
1.61415
1.36322
1.78947
1.80886
1.47581
1.92601
1.49042
1.56564
1.62363
1.38543
1.73467
1.78547
1.62531
1.56518
1.64517
1.50055
1.63727
2.01898
1.54824
1.51556
1.53409
1.16725
1.69077
1.62531
1.7033
1.61774
1.80083
1.41087
1.54865
1.71204
1.53682
1.14698
1.48475
1.26801
1.90603
1.78897
1.58837
1.31197
1.57897
1.6771
1.52596
1.99392
1.51447
1.68549
1.57517
1.22359
1.81973
1.57019
1.66615
1.39173
1.78501
1.65446
1.57709
1.88103
1.6102
1.36096
1.47082
1.4342
1.85171
1.75265
1.56157
1.60725
1.61452
1.388
1.68569
1.6989
1.63328
1.00015
-1.00188
-0.996046
-1.00441
-0.998954
-0.998201
1.34461
0.999275
1.49774
0.999584
1.00097
1.00288
1.21909
1.19034
1.41439
1.71194
1.08934
2.21497
1.69807
1.86275
1.54711
1.47332
1.97849
1.96521
2.00695
1.02062
1.22796
1.75053
2.02387
1.61555
1.55993
1.28852
0.998546
1.00201
0.997723
1.80695
1.4076
1.57046
1.82743
1.49405
1.94697
2.12457
2.10074
1.19973
1.57622
1.6989
1.57469
2.19261
2.23291
1.73672
1.71213
1.35503
2.34272
2.25619
1.94656
1.43664
1.51832
1.3434
2.37146
2.43368
1.91375
1.28444
1.11365
1.33706
2.06533
2.56521
1.9399
1.05352
2.37641
1.78145
1.61063
1.96159
1.43533
1.14163
1.806
1.04677
2.09015
1.92416
2.50703
1.5051
1.58831
1.41117
1.64923
2.0503
1.90014
1.0408
1.41128
1.32908
2.29552
2.55767
1.69495
1.05159
1.01185
1.47857
2.16644
1.94948
2.14921
1.32606
2.01577
1.27727
1.53701
1.60009
1.57034
0.996909
1.58504
1.47472
1.6922
2.19181
1.91598
1.73637
1.2657
1.20039
1.92943
1.4957
2.10712
1.4126
1.56254
1.42952
1.65698
2.4343
1.87161
1.00309
1.13175
1.08952
1.89078
2.16291
2.00067
1.60719
1.49457
1.88767
2.13052
1.99629
1.69085
1.40652
1.00009
1.1016
1.56876
1.68193
1.66235
1.00406
1.71808
1.53813
2.00434
2.4053
1.97485
1.83424
2.45471
1.60791
1.86574
1.87438
1.70809
1.39286
1.94886
1.45483
1.7895
2.11574
1.988
0.996802
1.44394
0.999526
1.53376
1.99464
1.94046
1.60124
1.55028
1.16514
1.77567
2.11224
1.51473
1.03708
1.42955
0.998486
1.48066
1.83724
1.34281
1.10807
1.38467
1.98865
1.81564
2.03277
1.43661
1.2304
1.81028
1.57353
2.05516
2.05903
2.282
1.60018
1.51266
1.29184
1.22148
1.37327
1.35598
1.12335
1.41932
1.1737
1.80101
2.28562
1.79049
1.22153
1.00121
1.0131
0.997934
1.85248
1.72683
1.01414
1.00168
1.35988
2.31232
2.2158
1.0002
-1.00171
-0.999491
-1.00085
-0.996185
-0.999227
1.48644
1.53804
1.35486
1.69438
1.84123
1.81305
1.23851
1.14268
1.03355
1.25053
1.30129
1.08024
1.44151
1.22114
1.00055
1.31446
1.17474
1.38595
1.32858
1.43417
1.3792
1.24592
1.12933
1.24932
0.999926
1.60668
2.24017
1.27115
1.16275
1.24403
1.05594
1.03097
1.3794
1.40008
1.13905
1.47204
1.1385
1.0022
1.21385
1.58425
1.13899
1.38455
1.37361
1.00308
1.21008
1.51372
1.00217
1.42408
1.6768
1.51353
1.599
1.56482
1.28664
1.00463
1.34394
1.59464
1.34828
1.24386
1.32273
0.999078
0.998209
1.35036
1.88098
1.47066
1.75872
1.37802
1.38943
1.01751
1.4361
1.51703
1.34678
1.34231
1.24255
1.01373
1.60211
1.16635
1.42791
1.45487
1.15533
1.12109
1.5087
1.24583
1.00382
1.34344
1.54599
1.2081
1.66033
1.48317
1.41457
1.30034
1.53749
1.69833
1.65138
1.68313
1.22898
1.23029
1.0996
1.39541
1.90759
1.5915
1.07493
0.99688
1.13211
1.06088
1.39762
1.64512
1.34135
1.09567
1.02036
1.10323
1.37068
1.29612
1.67152
1.47031
1.56063
1.49315
1.61141
1.15489
0.997797
0.997716
1.73871
1.55001
2.1584
1.27841
1.06925
0.997685
1.25807
1.52844
1.47825
1.28487
0.997898
1.00024
1.05805
1.02954
1.80946
1.50794
1.53957
1.45031
1.41428
1.42836
1.08674
1.58095
1.63948
1.35958
1.4272
1.37324
1.70749
1.33718
1.19176
1.61318
1.52071
1.6576
1.34328
1.22104
0.999688
1.087
1.35903
1.24741
1.54066
1.18381
1.15894
1.05801
1.36744
1.66265
1.4366
1.5745
1.01883
1.00124
1.24069
1.2146
2.0857
1.79408
1.25019
1.17319
1.39065
1.10991
1.32173
1.28042
1.43182
1.50973
1.56161
1.08709
1.62463
1.09489
1.69369
1.67461
1.47884
1.32601
1.20214
1.19957
0.998015
1.2706
1.65114
1.37721
1.79323
1.32778
1.10149
1.21956
1.00263
1.46946
1.72957
1.41848
1.13808
1.50664
0.997433
-1.00152
-0.995938
-0.999699
-0.998176
-0.995557
1.40448
1.25197
0.996753
1.36011
1.36261
1.46817
1.43543
1.23292
1.10657
1.74728
0.999422
0.998547
0.99679
1.00272
0.999487
1.00405
0.997465
1.00397
1.41229
1.00487
0.998789
1.00257
0.999012
1.00238
1.00177
1.00037
0.99722
1.16793
0.999139
0.997732
1.15825
0.999818
1.00062
1.00203
1.51825
0.998858
1.50437
1.46206
1.47845
1.03504
0.995866
0.998949
1.13082
0.998386
1.1409
1.15836
1.12482
1.69678
1.30321
1.33702
1.06917
1.25488
1.15332
1.54028
1.39303
1.2289
0.997109
1.00233
1.23961
1.52844
1.90267
1.5534
1.00373
0.997245
1.0037
1.30193
1.71533
1.45284
1.48406
1.2217
1.24702
1.55703
1.48138
1.5519
1.08137
1.00348
1.04506
1.60163
1.74027
1.45278
1.35949
1.08058
1.17037
1.74928
1.56329
1.53909
1.08465
1.44102
1.15893
1.39487
1.53163
1.4311
1.42357
1.34772
1.30974
1.66197
1.71358
1.53802
1.33822
1.501
1.134
1.52072
1.70929
1.55306
1.12309
1.1673
1.19493
1.63068
1.91495
1.51971
1.16211
1.2268
1.18957
1.53241
1.44864
1.45773
1.36782
1.10195
1.26807
1.44458
1.57445
1.2446
0.996806
1.36274
1.47764
1.44664
1.6761
1.2808
0.995808
1.00023
1.27849
1.95467
1.8962
1.66804
1.56081
1.13864
0.996719
1.23118
1.72105
1.1766
1.35829
1.28212
1.09245
1.22127
1.60311
1.13474
1.03642
1.37824
1.2825
1.54463
1.74077
1.39001
1.00143
0.998852
1.20825
1.80491
1.84496
1.92793
1.36746
0.998213
1.00265
1.10939
1.42396
1.37662
1.47701
1.00201
1.30819
1.42737
1.34363
1.00273
1.14056
1.29696
1.08548
1.57475
1.45256
1.22712
1.08047
1.08954
1.24948
1.45144
1.63637
1.22748
1.18296
1.09381
1.00468
1.13475
1.65596
1.64061
1.28117
1.02911
1.07109
1.33326
1.46564
1.43376
1.33268
1.5222
1.20117
1.36606
1.28734
1.37271
1.18368
1.08137
1.37105
1.42277
1.15
-0.997454
-0.998014
-0.997357
-0.995647
-0.999517
1.0007
1.00449
1.00157
1.24684
0.999987
1.18433
1.17286
1.31912
1.08944
1.00011
1.23331
1.48815
1.95064
2.17874
1.69757
1.77171
1.54937
1.78604
1.38926
1.52426
1.03447
1.64164
2.57618
2.00572
2.23426
1.46025
1.74562
1.18878
1.44788
1.3627
2.146
1.57277
1.70117
1.83832
2.17649
2.05403
2.0085
2.0768
1.4519
1.35145
2.04944
1.17818
1.90692
1.71058
1.86142
1.72609
2.20808
1.99201
2.17049
2.18668
1.8351
2.14431
2.05559
1.84634
1.46013
1.89717
1.01062
1.37445
1.69166
1.45778
2.08336
1.6104
1.24658
1.87591
1.88695
2.10157
2.3639
1.9712
1.68669
1.70521
1.43604
1.5443
1.7061
1.90521
1.84586
1.59844
2.05813
1.63202
2.01669
1.7172
1.72171
1.54202
1.8394
1.75946
2.19121
1.81859
1.38056
1.86236
1.77188
1.43122
1.76342
1.79698
1.32477
1.65723
2.13001
1.78525
2.14486
1.73305
1.68746
1.53381
1.79224
1.63342
2.27337
2.09061
1.86229
1.8308
1.83272
1.92557
2.07196
2.05418
1.46717
1.84484
2.11115
1.80595
2.16044
1.55583
1.7314
1.57882
1.83461
1.67488
2.32401
2.26031
1.7846
1.9666
1.93387
1.76345
1.82693
2.14563
1.6099
1.78259
2.08764
1.82789
2.16163
1.65611
1.59574
1.66239
1.7898
1.61088
2.18535
2.10879
1.6751
1.70731
1.7781
1.86908
2.02938
2.01385
1.51114
1.68041
1.96729
1.78027
2.33016
1.77297
1.6996
1.59851
1.88914
1.76889
2.26338
2.25114
1.68896
1.97185
1.82098
1.72463
1.84798
1.87634
1.62164
1.78838
2.03345
1.93576
2.23962
1.8223
1.70448
1.55513
1.71086
1.7901
2.30441
2.17449
1.83769
1.93054
1.8492
1.80219
1.98597
2.11269
1.50239
1.74791
1.95083
1.70925
2.35826
2.02473
1.77936
1.36959
1.87731
1.57745
2.24595
2.11823
1.77093
1.94572
1.75196
1.7839
1.91372
1.99033
1.64604
1.7027
2.0253
1.90991
1.22425
-1.00057
-0.997147
-0.9998
-1.00328
-0.999302
1.52845
1.39847
1.52596
2.04849
1.88141
1.31103
1.58439
1.1655
1.40461
1.69803
1.09772
1.92919
1.89293
1.75654
1.64997
1.65555
2.21641
1.29059
1.37442
2.19761
1.27122
1.83291
1.65096
1.32447
1.7595
1.75308
2.19573
1.94762
1.82196
1.48972
1.07287
1.60367
1.63968
1.96517
1.99438
1.9098
2.29693
2.21822
1.43455
1.69385
1.26265
1.55025
1.34731
1.17642
1.59038
1.73667
1.87612
1.64196
1.40009
1.47938
1.39543
2.05904
2.08868
1.91307
1.79392
1.44661
1.78124
1.35999
1.92856
2.14562
1.78976
1.6755
1.47766
1.93585
1.32714
1.00059
1.64032
1.00223
1.072
1.83007
0.996977
1.78921
1.58819
2.12816
2.13713
1.43215
2.07598
1.48162
2.18973
1.5107
1.52501
1.84903
1.31914
1.92795
1.36047
1.00243
1.24318
0.995711
1.00152
1.36575
0.99906
1.40468
1.64105
1.74486
1.71066
1.0477
1.38843
1.28913
1.61439
2.08041
2.18677
1.788
1.48711
1.80799
1.88493
1.21913
1.72712
1.5533
1.12674
1.65673
1.81116
1.58809
1.48182
1.06954
1.72424
1.42712
1.57784
1.48401
1.31627
1.75305
1.78734
1.87688
1.72333
1.6866
2.43733
1.87603
2.03636
1.59627
1.38003
1.70966
1.38468
1.87538
1.77322
1.51245
1.6891
1.38803
1.93086
1.39259
1.46314
1.72575
1.60384
2.16073
1.70506
1.18908
1.94656
1.09728
1.86438
2.14349
2.05437
1.97939
1.61432
2.32749
1.8213
1.65352
1.62656
1.32661
1.82406
1.67757
1.46031
1.88487
1.32233
1.51985
1.52713
1.20044
1.22496
1.22686
1.2437
1.0951
1.53805
1.76308
1.86569
2.01229
2.33979
1.84855
2.27356
1.86726
1.76636
1.94641
2.17764
2.18607
1.4525
2.09645
1.80787
1.39268
1.40295
1.14294
1.29487
1.25352
1.00094
1.38762
1.24711
1.30194
1.08061
1.7339
1.67495
1.48554
2.09955
1.20644
1.65836
1.52208
1.51152
1.75427
1.23985
1.78388
0.998721
-0.999389
-0.997822
-0.9965
-1.00379
-0.998573
1.4103
1.07518
1.38742
1.75239
1.49968
1.00112
0.997447
0.998443
1.00021
1.18019
0.995722
0.996645
0.998465
1.00148
1.2857
0.996987
1.08762
0.996934
1.76823
1.17868
0.997703
1.54149
1.07398
1.13365
2.09133
1.51727
1.50185
1.32094
1.27906
1.62048
1.23173
1.7936
1.80888
1.49623
1.59492
1.18593
1.42672
0.997108
1.57145
1.81827
1.82434
1.43525
1.05603
0.998515
1.5845
1.18225
1.96356
1.17517
0.99826
1.1402
1.19495
1.93064
1.28199
1.87384
2.20709
1.63936
1.7887
1.0565
1.10653
1.18777
1.34347
1.68691
1.77888
1.12693
1.40783
1.33003
1.63965
1.00312
1.79774
1.6772
1.18909
1.49326
1.4585
1.55171
1.13776
1.63807
1.95619
1.73105
1.63005
1.66199
1.69393
1.07468
1.18734
1.09448
1.40984
1.07355
1.94321
1.29945
1.61335
1.51522
1.74712
1.7788
1.6639
1.34543
1.63024
1.30325
1.80936
1.004
1.14036
1.84688
1.14331
1.42438
1.00088
1.43556
1.91252
1.57269
1.85109
1.22857
1.52837
1.37738
0.997665
1.96837
1.74608
1.74288
1.17626
1.37126
1.60343
1.48971
1.73443
2.05789
1.5979
1.55919
1.09187
1.56632
1.16784
1.23715
1.56814
1.49026
1.16493
1.1322
1.19937
1.64238
1.11139
1.86574
2.16703
1.53572
1.76599
1.38453
1.37594
1.19685
1.50846
1.65515
1.69017
1.50405
1.8978
1.26999
1.66169
1.37205
1.78851
1.69897
1.53037
1.53363
1.27735
1.4815
1.91354
1.26316
1.18707
1.4504
1.40873
1.24521
1.17978
1.34523
1.28203
1.23972
1.50883
1.23454
1.9289
1.44545
1.20042
1.90188
1.36257
2.23678
1.47381
1.51455
1.64696
1.27345
1.57036
1.57889
1.44479
1.32783
0.999748
1.50714
1.31309
1.49245
1.94739
0.997884
1.4612
1.00967
1.42437
1.19822
1.29815
2.20022
1.71793
1.61642
1.43374
1.45365
1.76972
1.28993
1.74259
1.73098
1.50594
1.44218
1.39072
1.11313
1.00071
-0.998113
-1.00139
-1.00009
-0.995352
-1.00106
1.38251
1.0786
1.25452
1.25309
1.80948
2.11664
1.78669
1.30718
1.55174
1.40652
1.00301
0.998082
1.41172
1.58199
1.6082
1.27764
1.25703
1.19822
1.13461
1.12461
1.09351
1.37573
1.05705
1.32702
1.12008
1.33292
1.33739
1.19275
1.20548
1.0191
1.04007
1.25967
1.18222
1.80868
1.15191
1.00458
1.43068
1.57955
2.05922
1.54591
1.2138
1.66483
1.20335
1.36368
1.63712
1.87642
1.65282
1.81149
1.66797
1.48971
1.35661
1.60751
1.31714
1.02345
1.49338
1.46818
1.28015
1.52619
1.33512
1.35088
1.82654
1.57999
1.63172
1.57636
1.42838
1.16797
1.18643
1.07264
1.35185
1.87037
1.42384
1.97346
1.57074
1.41005
1.18345
1.22094
0.998912
0.999044
1.58209
1.1144
1.47166
1.44731
1.34818
1.20209
1.63116
1.52286
1.47895
1.63313
1.1449
1.00332
1.24193
1.10766
1.26516
1.4059
1.33773
1.37065
1.73661
1.55785
1.25213
1.41821
1.46911
1.45623
1.52108
1.49342
1.24413
1.43462
1.36648
1.4572
1.69355
1.81775
1.61241
1.22505
1.06232
1.0473
1.27713
1.50999
1.33372
1.22901
1.16272
1.41739
1.66814
1.86534
1.30905
1.5464
1.19822
1.11903
1.54863
1.36137
1.67419
1.52804
1.47893
1.57014
1.54863
1.53179
1.51571
1.53121
1.33847
1.03808
1.24326
1.00192
1.26854
1.80705
1.52595
1.79405
1.75901
1.52651
1.19882
1.27988
1.00424
1.00445
1.43668
0.995812
1.17296
1.19578
1.25612
1.07781
1.7533
1.62117
1.31449
1.75103
1.3187
1.00804
1.27663
1.09597
1.19337
1.23254
1.20441
1.42018
1.69295
1.38197
1.30573
1.34854
1.11512
1.14478
1.58221
1.5563
1.39247
1.604
1.50429
1.5607
1.80553
1.83048
1.63404
1.32799
1.24469
1.17153
1.45627
1.58285
1.2257
1.63359
1.55115
1.62677
1.7465
1.45276
1.76972
1.52027
1.27516
1.25339
1.40758
1.59587
1.32358
1.53278
1.54556
1.62871
1.00089
-0.998063
-0.996444
-1.00131
-0.996962
-0.99771
1.00093
1.03274
1.34714
1.5934
1.54367
1.6878
1.06893
1.28064
1.71918
1.17402
1.22225
1.02987
1.43236
1.93896
1.43863
2.00425
1.07624
1.30255
1.00278
1.38257
1.61754
1.16679
1.53811
1.69148
1.73837
1.12163
1.46769
0.997439
1.00151
1.20738
1.28348
1.13856
0.996472
0.997568
0.998453
1.00217
1.03061
1.00142
1.07658
0.996862
1.13968
1.00211
1.00086
1.35595
1.27674
1.0487
0.996248
1.0029
1.34146
1.67585
1.38321
1.74745
1.08916
1.0028
1.31202
1.33524
1.14891
1.80506
1.6694
1.21766
1.00048
0.999384
1.28129
0.997413
1.75014
1.47665
1.50686
1.00973
1.09979
1.1755
1.5288
1.81221
1.5255
1.4637
1.10413
1.00297
1.00005
1.22041
1.6992
1.29089
1.34946
1.43374
1.21533
1.46081
1.0001
1.9807
1.39232
1.21906
1.15099
1.11743
1.28131
1.08553
2.02653
1.22092
1.66317
1.00034
1.45588
1.66948
1.63291
1.31417
1.24634
1.27318
1.00403
1.00088
1.57676
1.17065
1.50715
1.21278
1.22573
1.17129
1.29239
1.83972
1.12225
1.90824
1.26687
1.15633
1.74688
1.09458
1.20701
1.14654
1.83563
1.53771
1.58063
1.41242
1.09886
1.22835
1.32918
1.65707
1.19797
1.3057
0.998089
0.997275
1.10772
1.60269
1.75871
1.5941
1.37181
1.39221
1.30312
1.27705
1.53255
1.89092
1.59065
1.56442
1.2301
1.47153
1.48687
1.49328
1.43166
1.19585
1.17419
0.999915
0.995522
1.21584
1.30944
1.59531
1.0492
1.01243
1.26373
1.41186
1.25404
1.17153
1.96605
0.996277
1.52931
1.32743
1.52615
1.36153
1.20751
1.87366
1.22857
1.27492
1.00005
1.04851
1.46429
1.20392
1.70297
1.36975
1.52856
0.998657
1.00168
1.37368
1.57215
1.76419
1.32282
1.26752
0.997872
0.997264
1.81183
1.25176
1.93558
1.28233
1.7128
1.36616
1.22407
1.38265
1.00301
1.66412
1.12546
1.16821
1.0013
1.28616
1.3302
1.04386
1.05999
-1.00199
-0.996244
-1.00348
-0.997515
-0.999623
1.58781
1.83372
1.52042
1.90478
1.69734
1.68286
1.06604
1.00114
0.999606
1.00353
1.0016
1.1777
0.997003
1.71414
1.27076
1.18606
1.34242
1.61924
0.99632
1.3884
1.03316
1.5342
1.30014
1.56676
0.99851
0.997842
1.31788
1.20055
1.5519
1.98372
1.72399
1.83526
1.08996
1.73812
1.85557
1.75078
1.82902
1.30854
1.73279
1.90335
1.89582
1.58498
1.08804
1.25015
1.38573
1.37192
1.83223
1.43972
1.54402
1.62119
1.39631
2.01572
1.87716
1.68928
1.49019
1.13804
1.64349
1.1316
1.01063
1.80354
1.31275
1.572
1.39552
1.54676
1.76803
1.48825
1.6535
1.08342
1.13166
1.85962
1.41601
2.01898
1.47822
1.59236
1.51367
1.74397
2.08661
1.49449
1.35444
1.27584
1.00291
1.70968
1.39423
1.71479
1.59757
1.3707
1.93919
1.55053
1.62351
1.58853
1.26402
1.71768
1.42081
1.60324
2.0567
1.75388
1.66975
1.25966
1.50291
2.0639
1.90546
1.69365
1.33517
1.00057
1.26735
1.15461
1.58311
1.73783
1.5938
1.51198
1.57838
1.9603
1.68568
1.70137
1.5163
1.23441
1.54852
1.11331
1.3992
1.81624
1.21025
1.64228
1.29901
1.51752
1.99336
1.51361
1.86817
1.27987
1.37099
1.82322
1.21764
2.04296
1.62356
1.55838
1.68714
1.74627
2.14239
1.40821
1.26163
1.48904
1.20528
1.69837
1.42914
1.76625
1.57263
1.2259
1.83671
1.67962
1.82392
1.75361
1.42263
1.56961
1.25425
1.62307
1.6071
1.49916
1.95177
1.2668
1.76769
1.84658
1.75407
1.6798
1.07657
1.05492
1.51354
1.3284
1.74068
1.53536
1.25668
1.72442
1.46056
1.99782
1.55788
1.94059
1.7857
1.3682
1.50682
1.37921
1.29702
1.80153
1.36564
1.65697
1.17398
1.55049
1.94535
1.20066
1.51908
1.0448
1.03616
1.86831
1.48747
2.20824
1.35862
1.64391
1.64397
1.7675
2.00926
1.46854
1.42345
1.43386
0.99874
1.51959
1.3248
1.77625
0.999981
-0.999367
-1.00068
-0.997697
-1.00055
-0.998434
0.997504
1.20345
1.79172
1.15748
1.46604
1.50922
1.3004
1.75323
1.71932
1.38369
1.70551
1.2696
1.77892
1.67754
0.999772
1.22371
1.09961
1.65353
0.999004
1.0802
1.33245
0.998985
1.38825
1.50568
1.57356
1.10343
1.78595
1.13752
1.00313
1.107
1.62377
1.22018
1.32256
1.1296
1.67959
1.25404
0.996327
0.997058
1.38249
1.17705
1.62822
1.71135
1.69934
1.22906
1.4731
1.22197
1.47062
1.72519
1.00358
1.23526
1.5186
1.1926
1.41801
1.87135
1.49619
1.72174
1.66776
1.25004
2.06961
1.30991
1.34527
1.54436
1.5849
1.30127
1.60186
1.46268
1.40478
1.00111
1.3466
1.24241
1.43885
1.66068
1.54043
1.76806
1.87396
1.72181
1.5718
1.74139
1.33295
1.35894
1.54083
1.26146
1.5489
1.18589
1.38405
1.3646
1.57262
1.20832
1.86097
1.88584
1.67307
1.33805
1.27018
1.16849
1.64159
1.73231
0.998549
1.39791
1.91964
1.55033
1.68696
1.57566
1.79376
1.54808
1.66
1.57345
1.58903
1.69872
1.09501
1.24236
1.47508
1.50662
1.81373
1.95865
1.61657
1.24392
1.56564
1.00378
1.46923
1.62647
0.997975
1.54356
1.74055
1.00484
1.43674
1.88524
1.47845
1.57986
1.50882
1.5613
1.81892
1.83886
1.31296
1.4506
1.5425
1.26064
1.82408
1.62367
1.49209
1.36283
1.51368
1.25782
1.53529
1.83116
1.42824
1.56419
1.80019
1.49807
1.464
1.78463
1.3309
1.15091
1.7544
1.66464
1.50194
1.53008
1.30967
1.50973
1.50164
1.66766
1.92404
1.60686
1.55378
1.37705
1.28661
1.00413
1.48419
1.85315
1.43697
1.9469
1.82164
1.56008
1.72523
1.97435
1.44501
1.40948
1.70363
1.31392
1.57018
1.59073
1.46045
1.27177
1.34786
1.72264
1.71874
1.55265
1.3042
0.996427
1.05961
0.99907
1.30582
1.57964
1.41185
1.76541
1.95118
1.69974
1.97512
2.19282
1.71629
1.29433
1.59193
1.40471
1.6383
1.47476
0.999916
-0.996325
-0.997329
-0.998661
-0.996786
-1.00204
1.90472
1.28813
1.10508
1.76721
1.25384
1.58425
1.11999
1.4164
1.0041
1.21677
1.14642
0.999179
1.0081
1.33919
1.68514
1.27794
1.35854
1.54127
1.11599
1.00159
1.1973
1.20265
1.23351
1.0018
0.998885
1.00054
0.998338
1.00443
1.29
1.52811
1.1401
1.32408
1.03857
1.00185
1.37228
1.81337
1.09378
1.38829
0.999309
1.1116
1.61471
1.65591
1.49859
1.17713
1.00419
0.996841
1.47904
1.56335
1.29571
1.66961
1.06412
1.0021
1.05955
0.998539
1.00649
1.29507
1.00324
1.10327
1.25129
1.00317
1.19364
1.47753
1.18794
1.65217
1.43592
1.55345
1.00256
1.26266
0.99751
1.02131
1.53294
1.34047
1.2439
1.35071
1.36026
1.60943
1.59753
0.996694
1.13465
0.997738
0.999167
0.999275
1.62445
1.36139
1.43534
1.57517
0.999146
1.50279
1.5222
1.09082
0.99733
1.14448
1.08055
1.29922
1.51153
1.31622
1.38176
1.32654
1.00081
1.51832
1.52941
1.66177
1.7508
1.53067
1.3776
1.45342
1.00187
1.00002
1.36526
1.86657
1.30728
1.75877
1.80953
1.06042
1.24263
1.56181
1.36918
1.41621
1.59208
1.15049
1.34761
1.62
0.998993
1.42865
1.41206
1.00172
0.997947
1.21001
1.40094
1.00359
1.31437
0.998108
1.59664
1.20777
0.997735
1.06082
1.30325
1.20727
1.15183
1.34771
1.49272
1.28689
1.03812
1.04297
1.53807
1.47842
1.28421
1.63739
1.474
1.06421
1.10251
1.38021
1.31386
1.4318
1.31534
1.24322
1.32252
1.85546
1.07064
1.40316
1.14378
1.0489
0.997106
1.82131
1.31196
1.31978
1.33583
1.00193
0.9969
1.44262
1.06213
1.43554
1.4301
1.19782
1.39613
1.23349
1.3123
1.3614
1.52912
1.27392
1.16059
1.55837
0.999521
1.33427
1.38987
1.37149
1.00321
1.62879
1.0763
1.1364
1.25341
0.998186
1.30111
1.43187
0.996819
1.26724
1.29151
1.3659
1.22985
1.27317
1.15697
1.15896
1.03925
1.22263
0.998603
-1.00288
-0.997364
-0.998299
-0.999375
-0.998447
1.19532
1.86132
0.999943
1.40372
1.09395
1.23552
1.4041
1.98429
1.32774
0.997926
0.998865
1.00447
0.997558
0.996117
1.00068
1.18342
1.4343
0.999588
1.31541
0.99959
1.14371
1.27893
1.31239
1.42758
1.42843
1.28246
1.19435
0.999039
1.391
1.77599
1.00004
0.998297
0.997514
1.00129
1.33188
1.75513
1.39585
0.995528
0.997226
0.997769
0.999684
1.60538
1.56537
1.39504
1.00395
0.99758
1.45146
1.51476
1.26242
1.85798
1.30891
1.59243
1.1449
1.42547
1.57795
1.1797
1.03724
1.36529
1.29598
1.77769
1.91576
1.38118
1.63169
1.27048
1.30631
1.70067
1.00209
1.00294
1.0035
1.10486
2.13841
1.77262
1.6619
1.36568
1.27569
1.40525
1.79064
1.95204
1.82649
0.999134
0.999249
1.00214
1.15308
1.45087
1.83631
0.996368
1.10452
0.997819
1.56669
1.67941
1.46503
1.70297
0.998261
1.39347
1.34981
1.23481
1.62314
1.12588
1.63808
1.66206
1.54869
1.61268
1.22796
1.00094
0.998792
2.16842
1.98829
1.63391
1.30591
1.00411
1.14078
1.22035
2.09898
1.96492
1.27921
1.00375
0.999294
1.20498
1.16095
1.97688
1.8403
1.45828
1.35623
1.14716
1.10314
1.37411
2.05759
1.35823
1.52837
1.19027
1.8279
1.61276
1.42548
1.92612
1.64688
1.7661
1.0091
1.061
1.00874
0.997578
1.40868
1.2598
1.65872
0.998138
1.32313
1.13292
0.99819
1.06846
1.30641
1.6921
1.0801
1.01401
1.07091
1.00326
1.7133
1.25261
1.38944
1.35265
1.00132
1.0019
0.997629
1.83826
1.48773
1.69653
1.35528
1.24827
1.35984
1.30801
1.80151
1.39086
1.42285
1.16939
1.27285
1.52536
1.00074
1.49183
0.997819
1.00137
0.996917
1.00373
0.998389
0.996685
1.70975
1.43814
1.05066
0.998586
1.16111
1.2969
1.2878
1.64006
0.996407
1.5197
1.00458
1.01837
1.307
1.21731
1.52989
1.25283
1.42574
0.998935
1.47712
1.8689
1.95346
1.71131
1.36378
-0.997919
-1.00122
-1.0022
-0.996268
-0.999526
1.34146
1.24192
1.22204
1.4341
1.36398
0.997837
1.53351
1.44661
1.17506
0.998901
1.44442
1.00075
1.23771
1.19572
1.36618
0.999901
1.00038
0.998415
1.32012
0.999585
1.20244
1.27372
1.42252
0.998847
1.46607
1.57526
1.15461
1.10383
1.04949
1.39288
1.30723
1.88632
1.12655
1.47322
1.37671
1.49567
1.46755
1.46106
1.82898
1.08378
1.16486
1.00278
1.05433
1.13583
1.44463
1.00184
1.00244
1.14295
1.72753
1.94925
1.32094
1.90302
1.19638
1.36038
1.21982
1.39234
1.99368
1.67914
1.02647
1.0009
1.3154
1.88102
1.7101
1.64832
1.41508
1.37958
2.02602
1.55608
1.87673
1.93226
1.30543
1.46876
1.15785
1.59885
1.62637
1.79348
1.72103
1.10095
1.05506
1.63465
1.42751
2.00288
1.1499
1.36708
1.50453
1.64741
1.82624
1.93764
1.4898
1.77108
1.4523
1.70443
1.47521
1.62162
1.29055
0.997623
1.5483
1.31679
1.5817
1.34377
1.00339
1.51935
1.5444
1.56124
1.62989
1.67051
1.84168
1.19994
1.46855
1.76909
1.5803
2.06418
0.997108
1.22294
1.63889
1.28496
1.72421
1.4014
0.997886
1.34151
1.11013
1.94679
1.50899
1.58482
1.59345
1.2215
1.86567
1.53611
1.54461
1.72948
1.2163
1.28218
0.997848
1.54519
1.83862
1.53156
1.2943
1.22255
1.40156
1.78024
1.39395
2.00088
1.40498
0.997328
1.47541
1.18946
1.78193
1.94588
1.14831
1.26077
1.3723
1.78871
1.60659
1.30026
1.19942
1.24214
1.48565
1.4756
1.60057
1.8571
0.99674
1.84574
1.45626
1.2484
1.57499
1.74035
1.5885
1.18396
1.31998
1.58955
1.5024
1.85657
0.995576
1.2356
1.69453
1.4262
1.69514
1.55702
1.18798
1.28326
1.06535
1.76436
1.56711
1.63242
1.27274
1.10546
1.88112
1.594
1.75249
1.5667
1.18579
1.2887
1.31548
1.3431
1.60717
1.71324
1.70455
1.1845
1.17869
1.68498
1.41763
1.71191
1.19204
1.14111
0.999711
-0.99946
-0.996649
-0.99892
-0.998583
-0.997351
1.22614
1.67431
1.63254
1.81827
1.03779
1.00077
1.002
0.997584
1.2511
1.32131
1.68651
1.00068
0.998135
0.998037
1.00006
1.57676
1.26873
1.19869
1.00285
1.002
1.06189
1.84737
1.05075
0.995583
0.99581
0.99713
0.99608
1.66557
1.32824
1.15065
1.35633
1.20729
1.33215
0.997181
0.99776
0.999171
1.39054
1.09535
1.67043
0.998147
0.997484
1.00362
1.12404
1.58342
1.00457
1.13157
1.00239
0.999067
0.995461
1.13853
2.09615
1.49835
1.36563
1.0735
1.04311
1.35033
1.26072
1.80051
1.31376
1.37984
0.995977
0.997646
1.38196
1.1228
1.48349
1.14199
1.04385
1.00414
0.999368
1.21435
1.3228
1.38444
1.55479
1.87881
1.80322
1.60168
1.31369
1.25056
1.97185
1.77298
1.65853
1.55121
1.52632
1.12281
1.16108
1.77616
1.73166
1.32513
1.10326
1.26738
1.22974
1.00271
1.22921
1.27985
1.5225
1.13705
1.04892
1.02375
1.63233
1.95331
1.18126
1.1034
1.10851
1.24839
1.53179
1.29443
1.86513
1.29247
1.33384
1.09781
1.31917
1.55627
1.23607
1.60906
1.2904
0.996495
0.998925
1.16426
1.54747
1.00004
1.44776
1.47865
1.50885
1.60239
1.39076
1.42634
1.06615
1.74385
1.48571
1.02134
1.3535
0.999475
1.18282
1.18704
1.79346
1.10095
1.08146
0.99873
0.998078
0.997593
0.997447
1.63411
1.67178
1.24132
1.0018
0.999036
1.34533
1.59307
1.39885
0.995521
1.32452
1.01542
1.01975
1.00232
1.05608
1.2375
1.07441
0.997217
0.997238
0.998125
0.999086
0.996109
1.14487
1.22357
1.10047
1.03609
0.997128
0.99856
1.07596
1.876
1.55877
1.52793
1.16697
0.997307
1.37435
1.60232
1.62062
1.34004
0.997128
1.00336
1.00113
1.21038
1.85681
1.3534
1.29895
1.20482
1.05723
1.15279
0.99993
0.997679
1.45456
1.00221
1.34561
1.07439
1.47232
1.95536
1.5758
1.49888
1.21272
1.40774
1.20743
1.31728
1.482
1.08485
0.998226
-0.998186
-0.997275
-0.998936
-0.995606
-0.999032
1.00099
1.00061
1.2194
1.17023
1.72298
0.999315
1.74761
1.29356
1.20134
1.58275
1.0908
1.59837
1.22255
1.08123
1.15748
0.996321
1.00043
0.998922
1.3299
1.13623
1.63062
1.75545
1.57026
1.1163
1.77217
1.75759
1.59345
1.26889
1.633
1.98826
1.78305
1.76008
1.00201
1.28299
1.74868
1.79061
1.89571
1.97452
1.65743
1.39335
1.15244
2.25802
2.0802
1.96892
1.74886
1.23087
1.42077
1.33476
1.42246
1.60697
1.74625
1.95004
1.01489
1.40139
1.6896
1.5006
1.87735
1.79232
1.48177
1.61147
1.32567
1.33118
1.12035
1.48412
1.96945
1.51023
1.46596
1.52932
1.01018
1.49758
1.22992
1.91114
1.53088
0.99715
1.00414
0.997925
0.995685
1.04043
1.23154
1.82938
0.996795
1.7483
1.62876
1.92967
1.71612
1.01078
1.66655
1.21467
1.09051
1.67492
0.997917
1.5773
1.02457
1.35322
1.61185
1.65488
1.81942
1.36213
1.42803
1.68626
1.66114
1.85385
1.52793
1.46091
0.997212
1.30887
1.39504
1.32799
1.59576
1.00082
1.05879
1.01088
1.40051
1.46629
1.47614
1.00227
1.6112
1.41776
1.00302
1.38484
1.05068
1.10106
1.00007
1.34815
1.25422
1.23447
1.20498
1.27681
1.18635
1.93807
1.36106
2.19182
1.00042
1.00261
1.00265
0.997475
1.87222
1.63796
1.02138
1.04919
0.997837
2.08863
1.54313
1.36639
1.60673
1.02265
1.04089
1.17644
1.22989
1.72701
1.03682
1.58363
1.39473
1.45824
1.13361
1.39254
1.22241
1.25581
1.33187
1.04953
1.58766
2.24375
1.56542
1.384
1.3347
1.615
1.63037
1.81835
1.54445
1.57864
1.16647
1.44234
0.995619
1.2354
1.34443
1.41829
1.83647
1.61668
1.30673
1.85811
1.31485
1.88506
1.5081
1.64395
1.55401
1.08684
1.13056
1.00129
1.12653
1.97755
1.57499
1.95336
1.12819
0.997407
1.49625
1.64702
1.85389
1.84843
1.5734
1.62325
1.12969
1.37064
1.4055
1.42574
1.03765
-1.00111
-1.00097
-0.998074
-0.995546
-0.9987
1.12838
1.95474
1.53037
1.46084
1.85795
1.48523
1.76656
1.00315
1.00403
0.995717
0.998629
0.996871
1.1228
1.19732
1.75366
1.22477
1.42275
1.49822
1.38149
1.93297
1.33474
1.09354
1.25013
1.04144
1.27551
0.999365
1.33527
1.15002
0.999964
0.995613
1.00003
1.12396
1.0727
1.00053
0.99764
0.997169
1.21201
1.02782
0.997049
0.99542
1.00158
0.996187
1.04711
1.60856
1.56351
1.60839
1.51409
1.4483
1.57757
1.23548
1.64741
1.39186
1.18855
1.45837
1.01459
1.45971
1.60815
1.58109
1.36596
0.998485
1.55677
1.79131
1.56117
1.27079
1.1838
1.19444
1.1194
1.58411
1.86766
1.36515
1.07562
1.14575
1.28286
1.60831
1.53825
1.30164
1.10473
1.25088
1.10386
1.41482
1.4902
1.32367
1.2493
1.49514
1.32397
1.566
1.45301
1.35818
1.48738
1.07011
1.45165
1.48516
1.50524
1.30516
1.28416
1.33484
1.31064
1.20053
1.26102
1.05088
1.02366
1.09467
1.00339
1.1094
1.31461
1.63123
1.16194
1.44196
1.47489
1.55945
1.27192
1.21753
1.4675
1.23523
1.40864
1.28277
1.449
1.1621
1.32001
1.29383
1.46574
1.50811
1.61068
1.47181
1.23446
1.32211
1.26918
1.34152
1.53809
1.42271
1.68517
1.60621
1.76457
1.56746
1.61789
1.21808
1.2884
1.12026
1.56537
1.44697
1.44603
1.20876
1.46022
1.62082
1.61971
1.61712
1.37682
1.44634
1.19084
1.38398
1.16151
1.34151
1.40722
1.43201
1.53373
1.51211
1.35544
1.65577
1.26498
1.33857
1.43952
1.22125
1.36816
1.31683
1.45068
1.43731
1.30038
1.46793
1.64394
1.61525
1.50005
1.44319
1.42148
1.4
1.29569
1.18534
1.55214
1.48878
1.54821
1.39303
1.50701
1.77853
1.5357
1.36353
1.39493
1.30124
1.60048
1.45146
1.4383
1.22663
1.47335
1.43171
1.54651
1.65011
1.54308
1.30845
0.996065
1.34238
1.19102
1.31534
1.68542
1.61845
1.49747
1.42015
1.22335
-0.998774
-0.998133
-0.99609
-0.995989
-0.997544
1.26217
0.999185
2.43525
2.27909
1.93723
1.36461
1.64338
1.85469
1.27916
1.33832
1.69316
1.29852
1.51746
1.36612
1.32663
0.999607
1.32508
1.00209
0.997593
1.14859
1.00382
0.999076
1.00084
0.998226
1.00354
0.997863
1.59223
0.998711
1.21841
1.2966
1.07862
1.62879
1.00007
1.11438
1.53126
1.70714
1.72534
1.69528
1.25645
0.999776
1.00341
1.20571
1.22316
1.74573
1.27348
0.998641
1.00048
1.4075
1.47626
1.87248
1.01004
1.00347
1.07906
0.998455
1.3946
2.07264
2.13855
1.08258
1.03546
1.20084
1.30445
1.87138
1.40235
1.09363
1.32842
1.28793
1.2722
1.43395
0.997659
1.08466
1.33256
1.57191
1.25584
1.25823
1.29706
1.003
1.17277
0.998411
1.36018
1.30813
1.32219
1.21883
1.2874
1.42947
1.79103
1.82893
1.58241
0.99894
1.17247
1.25093
1.4307
1.79655
1.62911
1.15954
1.42056
1.32096
1.88067
1.74885
1.59636
1.06736
1.488
1.1499
1.35124
1.72028
1.01014
1.2978
1.0463
1.18803
1.23508
1.69337
1.09629
1.00251
0.997477
1.36324
1.66596
1.35362
1.39931
1.04589
1.3736
1.08777
1.34899
1.71301
0.998856
0.996777
0.999125
1.30123
1.44462
1.97321
1.20923
1.28671
1.73882
1.5487
1.51858
1.67096
1.02201
1.31414
1.61983
1.46151
1.2692
1.91716
1.36724
1.37545
1.51467
1.37212
1.6369
1.82335
1.1591
1.20688
1.30539
1.54844
1.34957
1.58736
1.39984
1.40922
1.77925
1.47226
1.58759
1.89071
1.32542
1.28728
1.44304
1.70461
1.39886
1.88474
1.43768
1.00034
1.40235
1.47152
1.52482
1.67951
1.08245
1.40997
1.50143
1.42521
1.42827
1.95351
1.36315
1.37154
1.58538
1.28576
1.52424
1.67309
1.33916
1.54679
1.32312
1.44141
1.46569
1.54343
1.58942
1.49878
1.60434
1.26405
1.49364
1.80337
1.38421
1.30911
1.4443
1.65108
1.34221
1.83342
1.50735
1.07411
1.61653
1.54448
0.997375
-1.01812
-0.999277
-0.998253
-0.997292
-0.997379
1.0895
1.00133
1.2546
1.51054
1.74053
1.83981
1.89911
1.42832
1.48824
1.67203
0.999108
1.36533
1.78619
1.04508
1.03097
1.40397
0.997849
1.28644
0.997453
1.00402
1.32648
1.16057
1.24154
1.35336
1.44042
1.53717
1.06004
1.57232
1.36362
1.44941
1.38098
1.22646
1.22156
1.19276
1.22064
1.7722
1.49585
1.45858
1.00226
1.17824
1.04637
1.41549
1.15546
1.11167
1.02237
0.998676
0.999331
1.89211
2.14534
1.64395
1.2163
1.38358
1.2114
1.45217
1.66047
1.09315
0.996466
1.22838
1.12917
1.65115
1.6873
1.52432
1.32287
1.17577
1.07086
1.10974
1.34557
1.00466
0.998357
1.29639
1.23275
1.7423
1.9562
1.5275
1.26548
1.21924
1.28864
1.54532
1.64964
1.4485
1.31443
1.10983
1.04936
1.66331
1.60378
1.39635
1.01039
1.27508
0.999303
1.551
1.37807
1.08361
1.08822
1.18001
1.09575
1.65167
2.01206
1.5444
0.996692
1.46454
1.08829
1.6555
1.59224
1.25055
1.27462
1.05289
1.0343
1.56255
1.74996
1.51906
0.997842
1.00123
1.13786
1.47636
1.0827
0.999905
0.997863
1.45327
1.33743
1.49054
1.83079
1.82288
1.55957
1.33076
1.03582
1.76191
1.78681
1.25661
1.40657
1.013
1.30466
1.42174
1.66417
1.30174
1.12683
1.13661
1.0567
1.48752
1.08522
1.02372
0.997529
1.16814
1.16279
1.83214
2.11601
1.59981
1.10901
1.25616
1.06621
1.56679
1.60161
1.32528
1.20148
1.05826
1.15638
1.6711
1.76783
1.41353
0.997579
1.09963
1.15163
1.19258
1.09624
0.997835
1.15086
1.51205
1.25822
1.48024
1.92931
1.61251
1.70446
1.31795
1.11416
1.41305
1.95716
1.50283
1.32079
1.04672
1.31708
1.40376
1.58943
1.33582
1.21272
1.23167
1.10061
1.45245
1.02642
1.01788
1.21933
1.35142
1.01276
1.87322
1.91583
1.43227
1.00109
1.26009
1.26657
1.62332
1.77941
1.24705
1.09779
1.00227
0.996992
1.50047
0.998947
-1.0013
-1.00385
-0.995932
-0.99661
-0.996005
1.22688
1.69915
1.52406
1.56381
1.09699
0.999581
1.00089
1.00024
0.998909
1.00059
1.00141
0.999072
1.54677
1.2896
2.05251
1.7743
1.13515
0.996684
0.998704
0.996736
1.38614
1.00159
1.41553
1.68366
1.44804
0.998122
1.65249
1.54547
1.70983
1.69392
1.62166
1.75985
1.7928
1.72699
1.55763
1.38714
1.411
1.61245
1.65967
1.74564
1.28656
1.48301
1.72032
1.81601
1.91214
1.15659
1.25389
0.99868
1.19105
1.07827
1.72961
1.74395
1.95032
1.60637
1.38453
1.54198
2.10778
1.51233
1.72007
1.60598
1.31032
1.28063
1.78965
0.997778
1.36996
1.40361
1.85081
1.40288
1.85071
1.39501
1.70845
1.12387
1.91412
1.45316
2.04669
1.20024
1.26602
1.01284
1.34655
1.43778
1.91589
1.68059
1.33562
1.02978
1.35614
1.00078
1.32772
1.22926
1.7398
1.55793
1.65075
1.04348
1.56545
0.997216
1.79111
1.23567
1.91954
1.58296
1.9863
1.43399
1.68704
1.53931
1.90992
1.75102
1.88654
1.50436
1.54703
1.02346
1.03209
1.55024
1.76595
1.03211
1.5571
1.15876
1.9275
1.54628
1.8751
1.46344
1.37587
1.50136
1.42982
1.30221
1.78067
1.38941
1.73896
2.04295
1.77112
1.52571
1.8424
1.38772
1.49778
1.5542
1.87336
1.41545
1.53019
1.19032
1.86656
1.48971
1.63368
1.76594
1.80007
1.18674
1.56418
1.2299
0.997625
1.50408
2.09785
1.38701
2.05282
1.6326
1.41694
1.45581
1.94301
1.82299
1.84472
1.52883
1.56995
1.31073
1.8718
1.60923
2.1764
1.74671
1.63352
1.13459
1.41153
1.28307
1.61574
1.35056
1.56203
1.00218
1.51345
1.34007
1.30685
1.03029
1.68939
1.80142
1.70197
1.64496
1.47345
1.17221
1.10912
1.00097
1.76801
1.44556
1.23776
1.19679
1.35544
1.0375
2.10706
1.6185
1.61759
1.31476
1.2282
1.31781
1.54948
1.28358
1.64958
1.44066
1.26205
1.45216
1.71401
1.69851
1.63894
1.37205
0.997223
-0.996249
-0.997544
-0.997337
-0.996348
-0.997417
2.07858
1.32021
1.3074
1.5392
1.17126
1.81215
1.43102
1.61032
1.34288
1.28755
1.37643
0.998669
1.47144
1.46182
1.2716
1.28252
1.32237
1.33004
1.2912
1.86948
1.14836
0.998487
1.00446
0.997526
1.5297
1.3481
1.97556
1.38587
1.23914
1.35354
1.36986
1.87537
2.18899
1.29234
1.02719
1.00112
1.31501
1.51659
2.01539
1.45434
1.77789
1.15985
1.80653
1.69062
1.85687
1.21251
1.56136
0.9988
1.32117
1.12054
1.00073
1.00139
1.56575
1.14669
1.4207
1.80282
1.44691
1.13891
1.2545
1.20833
1.78386
1.14457
1.59537
1.04752
1.30528
1.07014
1.85747
1.90048
2.03366
0.99825
1.06384
1.00127
1.3176
1.00215
1.76777
1.53126
1.57452
1.06326
1.18597
1.50682
1.78983
1.57925
1.80939
1.68099
1.84764
1.44204
1.16773
1.11099
1.64564
1.28561
1.77763
1.44987
1.62992
1.12666
1.03777
0.997058
1.62611
0.995632
1.13846
0.998315
1.39882
1.23286
1.96893
1.93178
2.04609
1.2347
1.64248
1.50086
1.46315
1.40413
1.55581
1.48522
2.02041
1.67789
1.97896
1.63388
1.99674
1.0026
1.36509
0.997733
1.72909
1.37477
1.56741
1.45193
1.75742
1.56909
1.94367
1.46092
1.82007
1.33021
1.57248
1.1289
1.58056
1.4593
1.75059
1.47604
1.52764
1.47763
1.81169
1.44683
1.63932
1.20419
1.35861
1.00323
1.99721
1.31773
1.39371
1.09913
1.48683
1.18708
1.84641
1.60754
1.98073
1.41942
1.4181
1.59183
2.02694
1.67425
1.59765
1.00251
1.63963
1.53052
2.06842
1.38213
1.91666
1.0383
1.00294
1.09349
1.5945
1.37704
0.998749
1.1439
1.32682
1.24815
1.94828
1.70295
1.90124
1.55417
1.02707
0.999268
1.83441
1.59125
1.67788
1.0403
1.74861
1.43193
2.19223
1.62481
2.06241
0.99758
0.997256
1.09801
1.86966
1.38879
1.46699
1.04831
0.999044
1.26241
1.724
1.6205
1.90538
1.13363
1.14838
1.6806
1.44357
-1.00046
-1.00279
-0.997322
-0.99697
-0.996497
0.997908
0.998131
1.36957
1.00196
1.30657
0.999252
0.999554
0.999428
1.25166
1.25406
1.00142
0.99827
1.00265
1.58312
1.35598
1.39873
1.50413
0.999016
1.33373
0.999887
1.1322
1.38038
1.45649
1.7373
1.04972
0.999061
0.996769
1.00393
0.996059
1.30593
1.0804
1.0035
0.996719
1.14308
1.09011
1.37925
1.36523
0.997301
1.23783
1.29969
1.22247
0.999179
0.998442
0.999872
1.35197
1.7789
1.20617
1.15995
0.996318
0.996693
0.997736
1.43101
1.34358
0.997068
1.20868
1.19107
1.00212
1.10104
1.19133
1.79117
1.00515
1.27524
1.45907
1.1189
0.998685
1.21914
1.14479
1.38464
0.998105
1.00216
1.05234
1.37595
1.0308
1.41907
1.16559
0.999622
1.00402
1.34564
1.40507
1.31841
0.999051
1.42192
1.31043
1.39922
1.18778
1.00291
0.996879
1.48499
1.37108
1.12764
1.16786
1.06758
1.69787
1.19969
1.117
1.4958
1.29979
1.00327
0.998195
1.16607
1.23178
1.4337
1.72342
1.41229
1.41838
0.996478
1.20625
1.49394
0.997495
1.19657
1.46154
1.50378
1.10266
1.00107
1.00374
1.00358
1.00282
1.41998
1.22685
1.68821
0.998833
1.0608
1.00206
1.11295
1.56416
1.28485
0.997337
0.996728
1.03768
0.998092
1.27661
1.4787
1.29488
1.30119
1.03478
1.14002
0.997446
0.996354
1.48934
0.995965
1.08179
1.34521
1.1887
1.0157
1.05794
1.13926
1.6624
1.79481
1.6682
1.17542
1.27153
1.29218
1.45528
1.00353
1.27719
1.36739
1.00407
1.20829
1.03259
1.1158
1.47577
1.18246
1.00272
0.997669
1.07688
1.0301
1.01515
1.33043
1.59231
1.19555
1.20419
1.19684
0.996638
0.999775
1.00267
1.70757
1.52216
1.73221
1.35904
1.3079
0.999049
1.00409
1.35322
1.5372
1.16078
0.996605
0.997863
0.996938
1.00225
1.51137
0.998408
0.997444
1.00341
1.00937
1.01515
0.99926
1.06193
1.31112
1.42063
0.998217
1.59028
0.99841
1.1659
1.51169
1.00127
-0.998548
-0.998437
-0.996758
-0.994689
-0.998404
0.998025
0.998268
0.998274
1.25588
1.00049
1.00029
1.00146
0.999823
1.13227
1.5136
1.14439
0.999515
1.33889
0.998045
0.998231
1.00333
0.996547
1.00104
1.50172
1.06193
1.10211
1.3466
1.10092
0.998193
1.14462
1.34698
1.28666
0.997021
0.998921
1.00051
1.00287
1.0129
1.00225
1.00223
1.00504
1.09137
1.11643
1.00462
1.21964
1.39781
1.16557
1.00946
1.04268
1.00329
1.12938
1.00321
0.997251
1.13821
1.16972
0.998079
0.997298
1.00355
1.01319
0.996193
1.00319
1.06019
1.56196
1.02336
0.996687
0.998447
1.18824
1.00008
1.50358
1.68966
1.39729
1.00294
0.99945
0.996724
0.998107
0.998819
1.47353
1.35943
1.30693
1.00016
1.2116
1.1319
1.39973
1.13252
1.2917
0.996252
1.001
0.997303
0.995871
1.0918
1.0345
1.12987
1.38666
1.13238
1.00051
1.1814
0.997414
1.20495
1.13802
1.13289
1.14368
0.99538
0.996479
0.996702
0.996921
0.996755
1.58828
1.21059
1.40164
1.00082
0.997786
1.00131
1.12174
1.68939
1.01408
0.998637
0.998957
0.998596
1.00507
1.00061
0.998384
1.00203
0.998264
0.99938
1.00149
1.11523
1.10018
1.11373
0.997442
1.12425
1.48367
0.997599
1.04202
1.10624
1.39408
1.2302
1.34587
1.30495
0.998107
1.00361
1.11309
1.21037
1.20789
1.01201
0.997793
0.997606
0.998203
0.999176
1.2438
1.30412
1.2485
0.997726
1.22926
0.996581
0.997066
1.50735
1.46379
1.00046
1.10134
1.03537
1.0032
1.14328
1.37296
0.997891
1.18296
1.23127
1.00229
0.996264
1.00259
1.00406
1.62512
1.58596
1.1737
0.995544
0.997042
0.999866
0.996432
1.22122
1.53966
1.00155
1.00259
1.07553
1.43009
1.08772
0.999053
1.00156
0.998342
0.998452
1.08219
1.62683
1.64745
1.33177
1.04715
0.998857
1.53316
1.42103
1.50103
1.56429
1.5974
1.03037
1.09054
1.00275
1.00251
1.22253
1.49736
1.06247
1.25159
0.997778
1.32774
1.38551
1.21293
-0.997779
-0.996054
-0.995815
-0.996081
-0.997435
1.00338
1.07169
1.22118
1.48972
1.39347
1.00037
0.997533
1.00392
1.09537
1.05592
0.999248
1.11394
1.06475
1.47583
1.14552
1.00265
1.00311
1.00183
0.998883
1.14375
1.24823
1.06348
0.997769
1.44656
1.46042
1.39203
0.997861
0.996397
0.996812
0.996636
0.9985
1.15089
1.66653
1.86067
1.50177
0.997544
1.00274
1.1796
1.25818
1.66057
1.33004
0.995857
1.02363
1.00009
1.03207
1.10735
1.00411
1.31834
1.00059
1.40326
1.14284
0.997073
1.32792
1.23697
1.19107
1.38716
1.47182
1.22778
1.00423
0.996793
0.996559
1.41128
1.7798
1.01692
1.05911
1.16852
1.00276
0.996082
1.75791
1.98567
1.15078
0.997629
0.996086
1.3791
0.99921
1.21721
1.37601
1.35378
1.02105
1.24732
1.33755
1.27966
1.43227
1.13579
1.31641
1.23407
1.30942
1.02223
1.00196
1.00078
1.28863
1.00156
0.998647
1.00257
0.99729
1.06481
0.996217
1.20257
1.67716
1.03834
1.2406
1.08694
1.00309
1.23043
1.77116
1.60976
1.54898
1.36718
1.00373
1.10161
1.4154
1.55205
1.411
0.997961
1.00243
1.00338
1.00196
1.18941
1.33018
1.54815
1.04872
1.02713
1.00146
1.13278
1.00107
1.12649
1.18237
1.18988
0.999197
1.12407
1.16918
0.996234
0.998587
1.1356
1.55246
1.46579
1.41907
1.30024
0.998203
1.00219
1.10925
1.74524
1.78765
1.31737
1.0023
0.996758
1.00389
1.00259
1.08648
1.4296
1.15727
1.00423
1.32021
1.66448
1.45522
1.02745
1.00192
1.00533
0.999477
1.00245
1.08631
1.71858
1.28323
0.999413
1.2602
1.54152
1.18013
1.42177
1.1754
1.01541
1.18989
1.56347
1.05584
1.16831
1.20117
1.26557
1.00003
1.2325
1.06341
0.99666
1.0226
1.67144
1.37953
1.43331
1.03379
1.15332
0.998073
0.996721
0.999211
1.75253
1.30476
1.14519
0.997803
0.997162
0.999247
1.22924
1.29956
1.34958
1.0009
0.9971
1.3268
1.23339
0.998943
1.10974
1.07379
-1.00115
-0.997513
-0.999074
-0.999209
-1.00259
0.999747
1.69279
1.61643
1.17965
1.70829
1.33971
0.99945
1.00236
1.22622
1.11676
1.2404
1.7653
1.76949
1.30089
1.00365
1.77716
1.71486
1.51599
1.35864
1.26574
1.25729
1.61114
1.91343
1.65813
1.33966
0.999427
1.55737
1.5615
1.85254
1.53752
1.59003
1.46533
1.00022
1.10183
1.758
1.42046
1.12987
1.14728
1.55691
1.86265
1.64169
1.43115
1.00089
1.05967
1.36949
1.46713
1.56291
1.00047
1.30166
1.5166
1.85066
1.66886
1.62203
1.33786
1.00083
0.998533
1.33631
1.0433
1.48205
0.998288
1.00088
1.00375
1.05845
1.19262
1.17338
1.55565
0.995965
1.25871
1.49356
1.3602
1.63761
1.29597
1.63929
1.5388
1.69271
1.57057
1.70678
1.88972
1.41868
1.19525
1.80607
1.25179
2.01847
1.82241
1.61755
1.62315
1.83002
1.64121
1.47891
1.55976
0.997084
1.0251
1.32264
1.5652
1.80461
1.20426
1.76035
1.56021
1.6992
1.59431
1.5473
1.7755
1.47813
1.20595
1.72739
1.19465
1.75797
1.73438
1.57709
1.29152
1.60588
1.6525
1.5198
1.52247
1.19351
1.1305
1.61537
1.36753
1.82939
1.49194
1.60069
1.57157
1.62936
1.84541
1.44623
1.50256
1.64879
1.27763
1.81096
1.61201
2.13165
1.70753
1.63813
1.11649
1.67852
1.54781
1.44608
1.62808
1.25174
1.14524
1.0039
1.42692
1.64632
1.08651
1.74464
1.47247
1.89668
1.69949
1.84605
2.12291
1.71328
1.48714
1.88986
1.45803
1.88825
1.58874
1.58619
1.39557
1.88158
1.61861
1.56925
1.61093
1.25089
1.09947
1.57955
1.2222
1.99212
1.54912
1.77733
1.60509
1.78732
1.79358
1.54419
1.69114
1.77283
1.5047
1.66657
1.60106
2.05089
1.75489
1.52277
1.23785
1.71865
1.64268
1.63194
1.52895
1.29268
1.24938
1.34542
1.43562
1.73332
1.1084
1.72597
1.57356
1.68542
1.72137
1.56668
1.76981
1.49836
1.2082
1.88772
1.33478
1.85727
1.5821
1.00194
-0.996272
-0.996342
-0.995687
-0.996773
-0.996884
1.8068
1.10343
1.25193
1.15486
1.26191
1.24584
1.00027
0.997904
1.21392
1.61283
1.12542
1.67736
1.00248
1.36878
1.22344
1.80057
1.2006
1.27819
1.09162
1.18416
1.10248
1.14725
1.51174
1.35129
1.01851
1.12801
1.39316
1.60562
1.41454
1.87581
1.21531
1.4431
1.05797
1.5539
1.59
1.00122
1.14403
0.99568
1.18948
1.53204
1.40721
1.1797
1.00259
1.47529
1.14589
1.11395
1.39498
1.57121
1.36855
1.28207
2.25832
1.00271
1.36153
1.14173
1.14548
1.68519
1.26474
1.56859
1.2063
1.04598
1.00217
1.06711
1.09977
1.00306
1.00154
0.996792
0.99644
1.21994
1.65658
1.60612
1.37663
1.49217
1.01918
1.19516
1.01602
1.46596
1.97222
1.29291
1.43522
1.15919
0.998246
1.03965
1.45516
1.57922
1.22543
1.72088
1.15708
1.13516
1.00045
0.99711
1.00218
1.34865
1.27749
0.998623
1.0018
1.00036
0.999725
1.75155
1.35755
1.65468
1.35594
1.24241
0.996729
1.26025
1.31848
1.49462
1.64457
1.32863
0.998319
1.05521
1.1428
0.997904
1.43635
1.44009
1.31418
1.63019
1.27985
1.19181
1.28616
1.14408
1.80501
1.12822
1.75003
1.22541
1.77699
1.893
1.42306
2.07896
1.39802
1.2902
1.32412
1.06335
1.17623
0.997651
1.46869
0.999528
1.45073
1.0021
1.11177
1.43145
1.3536
1.69716
1.15749
1.27986
1.28792
1.53311
1.86396
1.24617
1.91554
1.64824
1.71287
1.56708
1.31481
1.40014
1.18108
1.96655
1.3257
1.19151
1.00264
1.0028
1.68414
1.25792
1.80364
1.41757
1.48028
1.27644
1.54818
1.14835
1.23449
1.41672
1.46385
1.21469
1.47443
1.57933
1.54546
1.31001
1.71256
1.71546
1.35309
1.32455
1.11409
1.60362
1.32411
1.45451
1.5755
1.2799
1.07222
1.47353
1.43011
1.23236
1.21364
1.51531
1.52539
1.20866
1.33314
1.41888
1.55674
1.75404
1.44999
1.47022
1.08142
1.01983
1.38544
1.05268
0.99972
-0.995599
-1.00203
-0.995857
-0.9964
-0.999213
1.0436
1.25761
1.4895
1.97529
1.21624
1.27633
1.2113
0.999122
0.997272
1.1432
1.25244
1.89692
1.27152
1.4917
1.00292
1.34706
1.18498
1.5228
1.47652
1.27429
1.13108
0.997542
1.45784
1.22773
0.997856
0.999255
1.35775
1.27661
1.36612
1.24661
1.00253
0.999613
1.2917
1.49709
1.21285
1.30828
1.4976
0.998998
1.1602
1.3688
1.31757
1.51533
1.19759
1.32339
1.459
1.14751
1.46349
1.39145
1.62769
1.35689
1.08693
1.03626
0.998666
1.60043
1.38324
1.03119
1.17189
1.05821
1.40268
1.54189
1.00404
1.13119
1.29363
1.08175
1.45724
1.63923
1.29121
1.02727
1.68619
1.41762
1.65645
1.51589
1.68673
1.00427
1.26528
1.238
1.20776
1.76857
1.58433
1.31047
1.27028
1.00025
0.999519
1.55493
1.28097
0.999167
0.999631
1.15306
1.22247
1.758
1.69887
1.39551
1.2513
1.132
2.044
1.77779
1.51141
1.59869
1.42815
1.34299
0.997317
1.33095
1.41526
1.18159
1.24412
1.04033
1.1322
1.30756
1.39904
1.24599
1.39826
1.12224
1.22868
1.6496
1.67777
1.13812
2.02218
1.52994
1.69849
1.5251
1.59194
1.025
1.45608
1.36169
1.21714
1.69879
1.48201
1.12459
1.19774
0.998163
1.08914
1.00425
1.00188
0.997724
1.01848
1.00203
1.12948
1.47177
1.22067
1.21611
1.80585
1.34975
2.02976
1.53147
1.71493
1.42534
1.49654
1.48544
1.19343
1.70285
1.65225
1.21727
1.31325
1.47426
1.46729
1.19945
1.26466
1.28928
0.99847
1.5278
1.17775
1.58021
1.58413
1.27546
1.72012
1.58727
1.6954
1.68451
1.6296
1.27283
1.60197
1.30276
1.16693
1.7659
1.53377
1.26249
1.32573
1.16299
0.997111
0.997291
0.998374
1.22541
1.27143
1.27158
1.43985
1.60292
1.41864
1.59409
1.62697
1.47697
1.93567
1.62734
1.70066
1.53168
1.35845
1.62071
1.35984
1.63372
1.46698
1.15895
1.39647
1.44488
1.45252
1.14008
1.00368
-0.996232
-0.997882
-0.997059
-0.99621
-0.999981
1.27237
1.48363
1.34052
1.29343
1.20651
1.01471
1.14832
1.00875
1.69398
1.37153
1.00112
1.00093
1.13151
1.24568
1.00236
1.21863
1.34284
1.42197
1.6266
1.64706
1.20013
1.02826
1.48357
1.48307
1.98337
1.38571
1.22373
1.32919
2.13601
2.11202
1.90604
2.11143
1.75281
1.14513
1.46929
1.33372
1.19979
1.49619
0.999018
1.27085
1.51397
1.38082
1.58831
1.80591
1.31782
1.34804
1.65828
1.97328
1.69578
2.3871
1.97434
1.778
1.64616
1.4563
1.38599
1.82866
1.73259
1.49419
1.8164
1.70589
1.37071
1.54867
1.22874
1.68328
1.6926
1.90431
1.40021
1.68991
1.41737
1.75127
1.91307
1.66337
1.95621
1.96993
1.30771
1.66771
1.7589
1.8625
1.60934
2.01262
1.68841
1.26024
1.1737
0.997985
1.34444
1.05947
1.7398
1.95018
1.63035
1.73165
1.56974
1.87505
1.69291
1.77304
1.55599
1.70434
1.36377
1.62048
1.61115
1.89842
2.15475
1.90859
1.68849
1.92564
1.70432
1.08692
1.19067
1.48979
1.61797
1.65985
1.33452
1.52894
1.63999
1.48912
1.55069
2.1403
1.7029
1.7746
1.14923
1.4606
1.67039
2.03118
1.51205
1.5744
1.80428
1.66828
1.22195
1.71609
1.36791
1.54121
1.71351
1.03244
1.00249
1.35784
1.14841
1.09963
1.62063
2.17837
1.45687
2.05
1.39985
1.09882
1.00723
1.27441
2.08925
2.05104
2.05641
2.2084
1.79342
1.78109
1.84962
2.20053
1.72278
1.4273
1.46714
1.02579
1.29185
1.37373
1.59586
1.6978
1.42277
1.42092
1.52886
2.12024
1.23823
1.35793
1.58359
1.67128
1.61071
1.87155
1.08519
1.69022
1.88206
2.35187
2.02638
2.0339
1.28096
1.0045
1.22778
1.21325
1.20295
1.59112
1.28654
1.58185
1.46531
1.41712
1.31103
1.95021
1.93885
1.64282
1.24491
1.54457
1.44671
1.73027
1.70885
1.80514
1.96081
1.73532
1.6274
1.82653
1.26261
1.14235
1.79267
1.26453
0.998008
-0.999043
-1.00047
-1.00162
-1.07553
-0.998819
0.998581
1.0042
1.00292
1.8829
1.48917
1.54037
1.33216
1.00001
1.52759
1.47405
1.00379
0.996648
0.996957
1.00225
0.996722
1.00279
1.00274
1.00197
1.00304
1.12535
1.37778
1.50575
1.00288
1.29639
1.15424
1.41201
0.997691
1.00014
1.1958
1.00128
0.997392
0.996387
0.997617
1.01552
0.998217
1.56635
1.64672
1.48643
1.41765
1.48402
1.00124
1.0008
1.81297
1.30631
1.48511
1.20325
1.29605
1.0015
1.42065
1.42916
1.61732
1.48429
1.00064
1.50353
1.01866
1.39217
1.63595
1.47822
1.28443
0.998791
1.69695
1.32272
1.63512
1.63399
1.20874
1.51726
1.00056
1.17346
1.00344
1.14365
1.0035
1.22681
1.48285
1.33866
1.07588
0.995367
1.07258
1.42592
1.76127
1.84358
1.59277
1.29659
0.997205
1.18675
1.41614
1.35124
1.13189
1.00254
1.2444
0.996286
1.15824
1.47377
1.29162
1.82787
1.09981
1.94871
1.24338
1.66207
1.85292
1.57741
1.73031
1.01007
1.60894
1.20358
1.60441
1.54872
1.50247
1.57247
1.12477
1.57229
1.20232
1.16204
1.56718
1.90553
1.89841
1.1958
1.47013
1.23719
1.44735
1.78057
1.70787
2.06759
1.64617
1.49762
1.27303
1.38533
1.78996
1.47645
1.80217
1.00335
1.34575
1.09065
1.36445
1.50057
1.58954
1.93216
1.26345
1.45012
1.00379
1.09588
1.65761
1.56013
1.95496
1.34209
1.58814
1.38098
1.49312
1.85184
1.49382
1.92104
1.3873
1.67781
1.4476
1.50457
1.6501
1.35941
1.57905
1.18207
1.40826
1.25734
1.41274
1.61567
1.51248
1.45665
1.41638
1.27525
1.04692
1.46395
1.62004
1.56699
2.03333
1.42992
1.72761
1.14752
1.47997
1.7666
1.5466
1.65303
1.08139
1.56445
1.00163
1.54485
1.52381
1.78198
1.69427
1.38156
1.34102
1.16427
1.18513
1.3069
1.45752
1.93825
1.2026
1.58574
1.53477
1.24898
1.44429
1.38771
1.77901
1.39576
1.62684
1.33395
0.997364
1.53095
1.29742
-0.997399
-1.00079
-0.996703
-1.00029
-0.996611
1.33897
1.25371
1.55103
1.26514
1.34338
1.71182
1.70863
2.27918
1.86306
1.55622
1.45705
1.16068
1.24107
1.66593
1.4498
1.0036
0.999586
1.29762
0.999372
1.44502
1.38782
1.22945
0.999552
1.10774
1.00474
1.44769
0.999315
0.998114
0.998619
1.00105
1.00106
1.54052
1.12278
1.7818
1.76275
1.24621
0.99648
1.42375
1.10528
1.57932
1.66564
1.2221
0.997549
1.29888
0.996807
1.6395
1.35601
1.55039
1.55772
1.40065
1.3808
1.28435
1.34977
1.36632
1.40602
1.50335
1.68613
1.48931
1.96164
1.37856
1.42431
1.94548
1.49083
1.66779
1.2122
1.0007
1.137
1.64642
1.08117
1.69376
1.31892
1.67641
1.1072
1.33397
1.1566
1.56071
1.52162
1.70877
1.09423
1.49301
1.11319
1.66993
1.57188
1.8008
1.47648
1.57217
1.27371
1.93987
1.56078
1.58938
1.62473
1.9594
1.27181
1.43692
1.21395
1.16196
1.10407
2.02797
1.23162
1.2683
1.39665
1.13681
1.11307
1.96459
1.61322
1.54036
1.45354
2.02154
0.999792
1.28353
1.10084
1.53712
1.47817
1.90954
1.75857
1.71511
1.25961
1.4094
1.52705
1.82302
1.51331
1.94307
1.24561
1.10715
1.00204
0.999421
1.00016
1.61675
1.33513
1.4217
1.40048
1.80451
1.08376
1.42457
1.47874
1.27719
1.01877
1.5107
1.08131
1.36591
1.24212
1.94933
1.5277
1.91314
1.42044
1.89668
1.54259
1.49328
1.35761
1.52148
1.29333
1.60304
1.44166
1.62567
1.27087
1.91852
1.059
1.29412
1.00256
1.65603
1.75485
1.65306
1.28098
1.5676
1.11643
1.82307
1.55729
1.86335
1.09986
1.78431
1.1846
1.39959
1.51554
1.48799
1.24229
1.84427
1.59653
1.59889
1.5238
1.77627
1.14881
1.43116
1.50116
1.4262
1.69315
1.95778
1.36916
1.89242
1.20637
1.58643
1.73004
1.78712
1.35403
1.66591
1.42754
1.30005
1.64323
1.6164
1.02036
1.81997
1.44162
1.56665
1.41243
1.90151
1.00237
-0.995063
-0.997705
-0.997046
-0.996705
-0.99618
1.07412
0.999586
1.3827
1.54462
1.33175
1.00008
1.00083
1.09092
1.00179
1.58182
1.3329
1.60562
1.91116
1.65603
1.89194
1.61342
1.88292
1.81982
2.01277
1.46383
1.13226
1.47505
1.57189
1.14579
1.69163
1.04564
1.08997
1.66298
0.997498
1.22178
1.67071
0.999592
1.92201
2.28016
2.12118
1.84416
1.84476
1.96092
1.75543
1.60308
1.8818
1.26777
1.76038
1.82635
2.23759
2.12611
1.77721
1.60761
1.88213
1.79476
1.87075
1.79815
1.77298
1.34731
1.58636
1.31549
1.57987
1.51922
1.9267
1.48175
1.53288
1.3589
0.997591
1.56006
1.3363
1.36497
1.70693
1.49871
1.91971
1.71346
1.51129
1.44225
1.64165
1.85503
1.70473
1.38681
1.48617
1.31858
1.67932
1.76089
1.97576
1.95508
1.69029
1.17131
1.37827
1.44142
1.46026
2.05678
1.93618
1.74059
1.85613
1.09362
1.73648
1.49329
1.55826
1.69797
1.6302
1.58296
1.92836
1.23372
1.3094
1.1547
2.00253
1.65266
1.97093
1.68672
1.70468
1.42088
1.69255
1.70271
1.62327
1.50444
1.23165
1.13925
1.54163
1.58845
2.09582
1.9547
1.4423
1.33516
1.18574
1.45826
1.20659
1.67645
1.82332
1.62308
1.90124
1.7046
1.68951
1.59684
1.6969
1.61271
1.39085
1.69581
1.80621
1.64542
1.75247
1.67996
1.77659
1.7661
1.72443
1.00228
1.29282
1.03013
1.59085
1.73257
1.81692
1.55475
1.35972
1.12311
1.61011
1.66578
1.9557
1.72649
1.67773
1.42838
1.51135
1.26591
1.09811
1.45947
1.66226
1.58154
1.95463
1.87773
2.28126
1.79165
2.04118
1.92785
1.69184
1.4835
1.36725
1.13462
1.09688
1.16643
1.91774
1.85927
2.0536
1.32822
1.15134
1.60592
1.82535
1.64746
1.99018
1.84955
1.52928
1.32706
1.19786
1.23104
1.73691
1.94705
1.9495
1.54897
1.5985
1.23769
1.26249
1.86897
1.88954
1.50852
1.71765
1.16456
1.4413
1.51607
1.39614
1.44955
0.996109
-0.998322
-1.00267
-0.998439
-0.997238
-1.00315
1.3329
1.51751
1.64903
1.77935
1.56945
1.49807
1.00325
0.996654
0.995883
0.998094
0.999806
1.00201
1.00455
1.00083
1.07573
1.4989
1.67373
1.19178
1.36755
1.37998
1.40537
1.09573
0.996556
1.00132
1.05623
1.03883
1.60259
1.13364
1.28351
0.99942
1.39115
1.53103
1.35996
1.17174
1.40299
0.997962
1.48976
1.02478
1.05164
1.11957
1.11716
1.00294
1.33744
1.43824
1.4403
0.997593
1.00268
1.17724
1.11192
1.13185
1.57917
1.63694
1.25495
1.35276
1.4897
1.51498
1.19959
1.00141
0.99906
0.997171
1.00282
0.999456
1.14778
1.22851
1.08247
1.14868
1.607
1.66607
1.8114
1.37916
0.996332
1.22225
0.997453
0.997848
1.2297
1.35938
0.998828
1.00458
1.4862
1.41799
1.14041
0.997942
1.43137
1.02131
1.33099
1.18529
1.19816
1.07447
0.998925
1.10206
1.30074
1.47144
1.51696
1.10989
0.997784
1.06685
1.00099
1.09604
1.54509
1.85952
1.36712
1.00394
1.00314
0.99735
1.00278
1.66742
1.91795
1.50262
1.6446
1.38952
1.02486
0.998788
1.43085
1.34415
1.35061
1.41888
1.27917
0.99911
1.00005
1.44163
1.58165
1.20437
1.3982
1.52957
1.24455
1.33509
1.32051
1.67348
1.8045
1.39786
1.48511
1.46531
1.53751
1.09169
1.04711
1.2174
1.37983
1.45861
1.79306
1.16341
1.2613
1.25607
1.60592
1.80517
1.53954
1.0041
1.54458
1.55459
1.68254
0.997452
1.20119
0.996877
0.998949
1.00418
1.83943
1.49804
1.55325
1.43642
1.14222
0.998528
1.68311
1.47602
1.51816
1.94371
1.72253
1.43796
1.34838
1.56026
1.24523
1.00181
1.65392
1.62685
1.29491
1.07488
1.58185
1.00187
1.03886
1.14189
1.49691
1.61302
1.57965
1.00331
0.998265
1.002
1.00274
1.31889
1.37614
1.00074
1.05096
1.36204
1.70208
1.75404
1.81376
1.67023
1.49213
1.12113
1.11024
0.997274
1.16396
1.00029
1.06064
1.43303
1.57176
1.63171
1.00152
-0.998313
-0.998729
-0.99702
-1.00034
-0.997555
