-2.3235
-1.58616
-2.18864
-2.29832
-1.54871
-2.05087
-1.52458
-1.66822
-1.16814
-1.95766
-0.94714
-1.61218
-1.63756
-1.65222
-0.350202
-2.07786
-0.893009
-1.01003
-0.656857
-1.19712
-0.447555
-1.31014
-1.18808
-1.33186
-1.34183
-1.81489
-0.715903
-1.6206
-0.481794
-1.37541
-0.988239
-0.933766
-0.687649
-1.24167
-1.09119
-1.5249
-1.38137
-1.85737
-1.11579
-1.8055
-1.02858
-1.37251
-0.998908
-0.890278
-0.348626
-1.5305
-0.212908
-0.91672
-1.05432
-1.32341
-1.14447
-2.08024
-0.842927
-1.74495
-1.43457
-1.25356
-0.159766
-1.57719
-0.458579
-1.32429
-1.3918
-0.744812
-0.963623
-2.06673
-0.580978
-2.12762
-1.39243
-1.49995
-0.877143
-2.36312
-0.658549
-0.874237
-1.20046
-1.32602
-0.659122
-2.0202
-0.540166
-1.10343
-1.7182
-1.59362
-0.573615
-2.20079
-0.631194
-0.917631
-1.14437
-0.81512
-0.434577
-1.79453
-0.638781
-0.248148
-1.52788
-1.71736
-1.3367
-2.15484
-0.870773
-1.61134
-1.68929
-1.70734
-0.450125
-1.98145
-0.77863
-0.920907
-1.1809
-1.22086
-0.456742
-1.12542
-0.729253
-1.21612
-0.979863
-1.64441
-0.981946
-2.11626
-0.370919
-1.12138
-0.856485
-1.10247
-0.905339
-1.18239
-0.496928
-1.17057
-1.60572
-1.91596
-0.970532
-2.02056
-0.946658
-1.35204
-0.934482
-1.64665
-0.491667
-1.8577
-0.529426
-1.32889
-1.19757
-0.673404
-1.02403
-2.16822
-0.988999
-1.97022
-1.34421
-1.36933
-0.777685
-1.64316
0.0194672
-1.022
-1.32566
-0.405244
-1.0148
-1.83468
-0.910374
-1.92977
-1.24383
-1.31894
-0.93835
-2.44712
-0.859674
-1.02621
-1.03312
-1.31649
-0.569162
-2.04549
-0.517438
-1.03515
-1.57902
-1.35071
-1.0851
-2.32139
-0.626431
-0.811099
-0.67819
-0.737808
-0.0428888
-1.49322
-0.984075
-0.782431
-1.36881
-1.48516
-1.11986
-2.18326
-0.975492
-1.5475
-1.05052
-1.47119
-0.660623
-2.11964
-0.599587
-1.11124
-1.09035
-1.27401
-0.536304
-1.78284
-0.933139
-1.62176
-1.32326
-1.96593
-1.11578
-1.51481
-0.31884
-1.23234
-0.883259
-1.31326
-0.810573
-1.23844
-1.07953
-1.36652
0.107661
-1.71533
-1.39185
-1.64169
-2.019
-1.68573
-1.6394
-1.40352
-0.995307
-1.29491
-0.969725
-1.81314
-1.09817
-1.43144
-1.75792
-1.20741
-1.35161
-2.4172
-1.40425
-1.24335
-0.941053
-1.17652
-2.346
-1.87912
-0.783645
-1.14216
-1.67546
-1.51745
-1.06174
-1.46711
-0.784758
-1.64065
-1.43406
-1.60116
-2.0381
-1.72934
-1.25151
-1.75912
-1.64787
-1.78199
-1.39755
-2.09713
-1.04804
-1.03129
-1.51483
-1.3475
-2.1868
-1.85347
-0.556987
-1.37738
-2.29857
-1.48503
-1.45078
-1.36879
-1.17929
-2.01404
-0.816053
-0.577248
-1.57249
-1.99843
-1.54534
-1.43571
-1.53475
-1.41534
-1.69055
-2.34348
-1.73178
-1.6112
-1.60844
-1.49335
-1.41972
-1.57363
-1.16819
-1.60525
-1.79285
-1.75613
-1.37321
-1.97607
-1.86586
-1.7232
-1.41327
-0.589136
-1.41378
-2.01003
-0.429633
-0.90639
-1.21135
-1.58605
-1.7945
-1.8372
-1.39843
-1.27218
-1.63289
-2.19878
-1.77264
-2.18713
-1.10982
-1.72741
-1.71473
-1.21107
-1.13563
-2.1863
-1.27202
-1.65708
-0.986882
-1.25475
-2.51469
-1.66229
-1.09623
-0.799132
-1.49628
-1.78388
-0.952277
-1.49735
-0.779896
-1.20521
-1.71986
-2.01235
-2.01324
-1.34251
-1.26908
-1.60288
-2.25311
-1.47423
-1.21154
-2.32478
-1.11711
-1.25019
-1.61083
-1.44018
-2.14176
-2.18845
-0.444335
-1.12133
-2.56288
-1.50693
-1.51333
-1.60861
-1.27822
-1.67215
-0.783705
-1.15729
-1.62516
-1.70048
-1.0486
-1.36127
-1.75512
-1.03112
-1.68716
-2.44336
-1.44833
-1.5462
-1.44743
-1.62463
-1.60221
-2.01624
-0.711718
-1.46613
-1.91623
-1.78729
-1.35481
-1.98604
-1.59539
-1.52444
-1.28157
-1.01936
-1.44142
-2.05433
-0.63446
-0.69735
-1.49994
-1.17353
-1.59399
-2.13662
-1.31818
-1.3056
-1.57306
-1.65948
-2.03818
-2.53723
-1.05975
-1.32519
-1.7508
-1.13438
-1.60365
-1.86213
-1.10355
-1.87848
-0.999364
-1.43389
-2.57548
-1.75174
-1.07722
-1.06471
-1.40236
-1.63064
-1.14717
-1.48928
-0.815017
-1.4313
-1.83152
-1.6457
-1.9618
-1.90461
-1.31125
-1.33049
-1.73903
-1.43186
-1.42624
-1.95615
-1.14039
-2.11671
-1.25621
-1.28172
-1.58434
-1.63519
-2.28373
-0.922496
-1.61098
-1.18729
-0.898715
-1.31857
-1.37265
-1.67348
-1.27485
-1.60759
-1.71898
-1.98296
-2.21474
-1.06767
-1.16262
-2.51722
-1.28272
-1.15066
-1.93304
-1.74784
-1.82251
-1.85545
-1.18174
-1.83447
-2.07486
-0.74193
-1.73507
-2.8592
-1.26059
-1.03129
-1.37795
-1.97347
-1.30405
-1.74596
-1.03711
-1.553
-2.45482
-1.29048
-1.36138
-2.53391
-1.79876
-0.784952
-1.60949
-1.80065
-1.15386
-1.62844
-1.55947
-1.26785
-2.33602
-1.30876
-1.37879
-2.48625
-1.72469
-0.808429
-1.6281
-2.06271
-1.54554
-1.51324
-1.01509
-1.51153
-2.86436
-1.34044
-1.22319
-2.29527
-2.17041
-1.60493
-1.92537
-1.95731
-1.4487
-2.01083
-1.1362
-1.25761
-1.87461
-0.880218
-1.53377
-1.95875
-1.41693
-1.45175
-1.90545
-2.05129
-1.5922
-1.50972
-1.35579
-1.93153
-1.95643
-1.40988
-0.666069
-2.17312
-2.41286
-1.59391
-1.40037
-1.42234
-1.45077
-2.13444
-0.806185
-1.81893
-2.24985
-1.36259
-1.60938
-2.19387
-1.07436
-1.01739
-2.06065
-1.18581
-1.16089
-2.03944
-1.34289
-2.02722
-2.37409
-0.659743
-1.51929
-2.57835
-1.48744
-1.33051
-1.48214
-1.68871
-1.89129
-1.9254
-1.20619
-1.10874
-2.183
-1.1396
-1.6959
-2.49718
-1.59389
-1.391
-2.48702
-1.87556
-0.961114
-1.4756
-1.19008
-1.56894
-1.8843
-1.0087
-1.52583
-2.46617
-1.63888
-0.701373
-1.50797
-2.26146
-1.64802
-2.13589
-0.949164
-1.78466
-2.84303
-1.32739
-1.18085
-2.10274
-1.4464
-1.32248
-2.44563
-2.3122
-1.39384
-1.63789
-1.31928
-1.74208
-1.0396
-0.800106
-1.47718
-2.19075
-1.85153
-1.11735
-1.65991
-1.89678
-1.75924
-0.975558
-0.749824
-2.06407
-2.13966
-1.6366
-1.06846
-2.05592
-2.28816
-1.2398
-1.75272
-1.71998
-1.52921
-1.83968
-1.38285
-2.06536
-2.36552
-0.808362
-1.39726
-1.99146
-1.41257
-0.997994
-1.8633
-1.77907
-2.07771
-2.01907
-1.1378
-1.92939
-2.00203
-1.03656
-1.02245
-2.20257
-1.78997
-1.29497
-1.52192
-1.50522
-1.76906
-2.14183
-1.23612
-1.67057
-1.26407
-1.50196
-2.47982
-2.31046
-2.55585
-1.92886
-1.39728
-0.169223
-2.03848
-1.40917
-1.55108
-2.1572
-0.990016
-1.27958
-1.68155
-1.34555
-1.34738
-2.06926
-1.1174
-1.20728
-1.42684
-1.24116
-1.06937
-1.65034
-0.486532
-1.62712
-1.86324
-1.58441
-1.6884
-2.37629
-1.09277
-1.19682
-1.63048
-1.37453
-1.88244
-1.95323
-1.07645
-1.9906
-1.38402
-1.26035
-1.65989
-1.54762
-1.22678
-1.21125
-1.6253
-1.93487
-1.62736
-2.03947
-1.03603
-0.920877
-1.06027
-0.966524
-1.83683
-2.15514
-0.904088
-1.56627
-1.39164
-1.96069
-1.38822
-1.98809
-0.775672
-1.3404
-1.53439
-1.01813
-1.34791
-1.99445
-0.744818
-0.984213
-1.0146
-0.978724
-1.67014
-1.81631
-0.9536
-1.98219
-1.64345
-1.47873
-1.66171
-1.9264
-0.338739
-0.922338
-1.6237
-1.54354
-1.72011
-2.14751
-0.403364
-1.92616
-1.21043
-1.44702
-1.65686
-2.08772
-1.30505
-1.30765
-1.47088
-1.69694
-1.51032
-1.49407
-0.825061
-1.47878
-1.98331
-1.22836
-1.68745
-2.63722
-1.05216
-0.83304
-1.6048
-0.991342
-1.61836
-1.7421
-0.994676
-1.81795
-1.6764
-1.25117
-1.23552
-2.21737
-1.48252
-1.34967
-1.15552
-1.68733
-1.99652
-1.80061
-0.60071
-1.88887
-1.17346
-1.00891
-1.37703
-1.86151
-1.22749
-0.970945
-1.30026
-1.73258
-1.33336
-1.5955
-1.04277
-1.40811
-1.31544
-1.31578
-1.69428
-2.1796
-1.13153
-1.67891
-1.05368
-1.55668
-1.72921
-1.95096
-0.76717
-1.49805
-1.35549
-1.13743
-0.997818
-2.4281
-1.08786
-1.11583
-1.54844
-1.38236
-1.74618
-1.54633
-1.03859
-1.61299
-1.37851
-1.71527
-1.98521
-1.71522
-0.721069
-1.46549
-1.57482
-1.06261
-1.86579
-1.88775
-1.01428
-2.04487
-1.6661
-1.51397
-1.46195
-1.74315
-0.857246
-1.09277
-1.858
-1.87132
-1.05305
-1.74018
-0.933054
-1.3748
-1.55763
-1.11009
-1.44717
-2.27917
-0.687449
-1.13641
-1.59108
-0.777552
-1.3217
-1.54444
-0.692222
-1.37603
-1.61343
-1.65395
-1.50455
-2.60206
-1.31645
-1.38325
-1.31066
-1.8085
-1.59963
-1.3994
-1.04352
-1.87668
-1.13701
-1.15415
-1.21271
-1.99764
-0.61342
-1.69769
-1.72446
-1.40998
-1.9932
-1.35008
-2.41334
-1.22073
-1.79376
-0.943397
-1.51152
-1.23836
-1.48477
-1.09784
-0.852573
-0.962713
-1.19896
-0.61291
-1.59036
-1.09945
-1.16933
-2.041
-1.01091
-0.710795
-2.13729
-0.425021
-0.212289
-0.921734
-1.35586
-1.32071
-1.60031
-0.924066
-1.31732
-1.68787
-1.47727
-0.513945
-2.06642
-0.889042
-1.89114
-1.38282
-0.701595
-0.566905
-1.44979
-0.695839
-1.61544
-1.68052
-1.13451
-1.05771
-1.88258
-1.13745
-0.755024
-1.74865
-1.22452
-0.425529
-1.03335
-0.0457212
-1.29442
-2.09128
-1.14548
-1.12331
-1.23882
-1.2014
-1.23934
-0.948608
-1.64239
-0.718995
-2.52574
-0.70601
-0.786777
-1.51431
-1.32317
-1.04049
-2.30722
-0.987322
-0.754112
-1.97851
-0.793373
-0.964794
-1.37271
-0.558816
-1.9503
-1.05849
-0.395698
-0.480163
-1.88259
-1.22044
-0.534187
-0.229545
-1.22651
-0.830398
-1.32036
-1.20419
-1.45954
-0.868729
-0.607595
-0.212777
-0.497325
-1.31271
-1.2564
-0.393455
-0.652228
-1.10784
-1.37305
-1.11708
-0.0863861
-1.32233
-1.01169
-1.0863
-0.669899
-1.37279
-2.45882
-1.02638
-0.911228
-1.21419
-1.15338
-0.533764
-1.20508
-2.40721
-1.34715
-1.11508
-0.951919
-1.58535
-2.21358
-1.17854
-0.566864
-0.653126
-1.70652
-1.44482
-0.974707
-1.51087
-2.5033
-1.49295
-1.87421
-1.30433
-1.91735
-1.4386
-1.22594
-1.06393
-3.20292
-1.23937
-1.128
-1.13311
-1.2648
-0.776085
-1.44365
-1.4125
-1.00255
-0.922349
-2.49394
-0.543159
-2.67995
-1.37373
-1.66713
-1.36843
-0.909806
-1.08412
-2.08867
-2.26117
-2.25356
-1.71279
-0.887222
-1.46269
-1.33559
-1.14887
-1.47317
-2.5649
-0.665158
-0.626489
-0.866024
-1.6312
-1.86215
-1.31565
-0.984933
-1.69732
-0.488278
-1.06039
-1.15905
-0.900939
-0.936939
-1.08078
-0.519707
-0.281876
-1.51594
-1.27225
-0.996373
-1.45992
-1.7759
-0.0610067
-0.919062
-1.93511
-2.05176
-1.3813
-0.794732
-0.930133
-0.89866
-0.602099
-0.420711
-0.790028
-1.73465
-0.328992
-0.296035
-1.18421
-1.42427
-1.14759
-0.683692
-0.903871
-0.958139
-0.821349
-0.783512
-1.95265
-0.429854
-1.87825
-1.77894
-0.156367
-0.967245
-1.15815
-1.09455
-1.30186
-1.91753
-1.68046
-0.804875
-1.82581
-1.8795
-1.48782
-1.18819
-1.52787
-1.0045
-1.28742
-0.826982
-1.18618
-1.18052
-1.43604
-0.972774
-0.45618
-1.37628
-2.07501
-0.768206
-1.5034
-1.48823
-1.46109
-1.13897
-1.36715
-1.60182
-1.57415
-1.06452
-1.1641
-1.29616
-1.93901
-1.65024
-1.08985
-1.28488
-1.48263
-1.60454
-1.44492
-2.49382
-1.56819
-1.05025
-1.52209
-0.0521781
-0.964696
-0.527289
-0.483325
-2.01481
-1.77454
-1.09539
-1.40896
-2.24293
-0.902107
-2.46004
-1.49736
-1.66434
-0.891106
-0.692487
-1.65541
-2.13367
-1.43463
-1.64899
-1.41738
-1.7828
-1.82034
-1.54171
-1.2528
-0.869289
-1.37916
-1.45864
-0.495334
-1.12123
-1.66772
-1.5769
-1.18915
-1.55694
-1.26983
-1.61388
-1.43305
-1.35323
-1.41459
-1.45419
-1.27903
-1.93708
-1.41314
-1.45353
-1.48311
-1.30544
-1.05315
-1.36002
-0.903155
-0.574167
-1.25071
-1.23526
-1.56097
-1.28802
-1.42023
-1.01427
-1.59843
-1.36163
-1.58288
-1.75431
-1.41718
-1.0326
-1.57971
-1.22653
-1.3415
-0.910212
-1.23335
-1.0569
-1.27593
-1.50225
-1.01105
-0.15413
-1.12434
-1.7709
-1.25186
-0.95356
-1.02678
-1.20726
-0.574033
-1.65454
-1.13964
-0.623414
-1.16483
-1.13737
-0.437828
-0.694177
-1.60139
-1.39887
-1.21818
-0.475565
-0.484037
-1.432
-1.70236
-0.805887
-0.106224
-1.21757
-1.23446
-1.46562
-1.42519
-1.34568
-1.25318
-1.52009
-0.986552
-1.04228
-2.20198
-0.963395
-0.827106
-1.60042
-1.35022
-0.771492
-0.777599
-0.251963
-0.798558
-1.04689
-1.16622
-1.40259
-1.68185
-0.620133
-1.25227
-1.41985
-0.990676
-1.16666
-1.29506
-0.417736
-0.894408
-0.626528
-1.16167
-0.927268
-1.56876
-0.756559
-1.38611
-1.83505
-1.49215
-1.2339
-1.11267
-2.24352
-1.27947
-0.720248
-0.860487
-1.60185
-1.01021
-1.15877
-1.1647
-0.764155
-0.434952
-1.04526
-0.848793
-0.810758
-1.75675
-0.920771
-0.443605
-1.54634
-1.88925
-0.324729
0.0491378
-1.2423
-0.98459
-1.83828
-0.903249
-0.62939
-1.38316
-1.20154
0.0223861
-1.72721
-1.55454
0.352966
-1.33608
-0.856275
-0.744979
-0.391201
-1.02681
-0.691141
-0.169454
-0.485814
-0.740214
-0.0193857
-1.28592
-1.66173
-1.28943
-0.423322
-0.859907
-0.467583
-0.912016
-1.03779
-0.754347
-1.75487
-0.764648
-0.589167
-0.510886
-1.95541
-1.69105
-1.59095
-0.745803
-0.446429
-0.633806
-0.602852
-0.258487
-0.891671
-0.900796
-1.05689
-0.889291
-0.961128
-0.922309
-0.633388
-0.633371
-0.941932
-1.06267
-1.00507
-0.309529
-1.1664
-0.838876
-0.251252
-0.524534
-1.38936
-1.0608
-0.859871
-1.39994
-1.28015
-1.53541
-0.914324
-0.3674
-0.858795
-1.63656
-0.484803
-0.588767
-0.792571
-0.89895
-0.815261
-1.59422
-1.54342
-0.221099
-0.328759
-0.327275
-0.28575
-0.810936
0.0151533
-0.526285
-0.947869
-1.61095
-1.08592
-1.10558
-0.395917
-0.583028
-0.710342
-1.14345
-1.69114
-0.967034
-0.786707
-0.451929
-1.33812
-0.991976
-1.6011
-1.09748
-1.28592
-1.01436
-0.410612
-0.366655
-0.932105
-0.711341
-0.660366
-0.836141
-1.54357
-0.973722
-0.485787
-0.771349
-0.867867
-1.02969
-0.908241
-0.248711
-1.25377
-1.03932
-0.397556
-0.352695
-1.59358
-0.521041
-0.876247
-1.57892
-1.42041
-1.20356
-0.347305
-1.12375
-1.26994
-1.19028
-0.396674
-0.794467
-1.07404
-1.14421
-0.477189
-1.20401
-1.58147
-0.582247
-0.468462
-0.104193
-0.272607
-0.977154
-0.0419067
-0.490733
-0.835851
-0.98682
-0.478732
-1.43792
-1.07852
-0.794389
-0.623233
-0.775927
-1.37569
-1.41182
-0.721543
-0.63603
-1.58826
-0.913845
-0.984752
-0.360904
-1.22736
-1.36504
-1.20509
-0.726239
-0.726804
-0.847853
-0.745864
-0.752197
-1.2694
-0.87053
-0.980241
-0.81203
-0.483322
-1.15496
-0.737604
-0.249556
-1.03517
-0.957121
-0.470679
-0.532638
-1.79383
-0.340869
-1.09403
-1.09957
-1.42779
-1.39898
-0.56316
-0.826093
-0.761126
-1.9621
-0.78002
-0.367345
-0.974264
-1.35938
-0.739056
-1.44753
-1.20217
-0.143615
-0.568356
-0.46408
-0.531022
-0.64755
-0.0912091
-0.62008
-0.907335
-1.06286
-0.442443
-0.814937
-0.473268
-1.08641
-1.32247
-1.02559
-1.33362
-0.928112
-0.409394
-1.01326
-1.03205
-1.01092
-0.924123
-0.386139
-1.43381
-0.7864
-0.380941
-1.76334
-0.812789
-1.25977
-1.19528
-1.93409
-1.59542
-1.70239
-0.51913
-0.515788
-1.04648
-1.14128
-1.24353
-1.23312
-0.577724
-1.19562
-1.49609
-1.16075
-0.272073
-1.52947
-1.00995
-1.07032
-2.31064
-1.43286
-1.19131
-1.36007
-1.13067
-1.9772
-1.27385
-1.93858
-0.543193
-1.59952
-1.44101
-0.994726
-0.724113
-0.963594
-0.289928
-1.68368
-0.991638
-1.38362
-2.09572
-0.925602
-0.683419
-2.28007
-1.04455
-0.938726
-1.15578
-1.88951
-0.549691
-1.26562
-0.286722
-1.8711
-1.61911
-0.856091
-0.628115
-2.16871
-1.47357
-2.11002
-1.76688
-2.0202
-1.75383
-0.988533
-0.640283
-1.32427
-1.7314
-0.761267
-0.959556
-2.23909
-0.909148
-0.563708
-1.19108
-1.28766
-1.20453
-1.12769
-0.822523
-0.925634
-1.70176
-1.55876
-0.174644
-0.748303
-0.820196
-1.61632
-1.65652
-0.991061
-1.66782
-1.50229
-0.909852
-2.21315
-1.38372
-1.20109
-1.45861
-1.65757
-0.694201
-0.855829
-1.87126
-1.57741
-0.880305
-1.60356
-2.26002
-1.346
-0.813305
-2.84027
-1.78888
-1.24744
-1.54767
-1.29246
-2.29221
-1.55094
-0.964546
-2.34334
-2.65388
-1.64748
-0.613455
-1.78763
-2.17151
-1.38526
-1.21447
-2.1658
-2.43878
-2.72441
-1.6325
-2.03384
-2.33738
-1.92389
-1.42733
-1.74007
-2.22521
-1.96862
-0.701705
-1.55534
-2.63114
-1.01591
-0.872359
-2.06436
-2.93982
-1.87536
-1.12665
-2.56278
-1.36265
-1.6627
-1.53241
-1.19424
-2.76041
-1.66414
-0.819111
-2.05781
-2.52288
-1.43619
-1.12439
-2.52492
-1.37645
-1.84531
-1.192
-1.37791
-2.41775
-1.77352
-0.45789
-1.63869
-2.30952
-0.940689
-0.955052
-2.63879
-1.9975
-1.70004
-1.03823
-1.31957
-2.6214
-1.77931
-1.14101
-1.34399
-1.99466
-2.2176
-1.58839
-2.0021
-1.204
-1.16566
-1.90101
-1.96287
-2.48074
-2.39058
-1.06371
-2.45841
-2.99345
-1.79329
-1.3817
-2.25853
-2.24578
-1.68461
-0.914916
-1.66403
-2.16481
-1.18242
-1.11078
-1.93543
-2.44161
-1.51177
-1.8866
-2.62638
-1.17628
-1.67832
-1.33954
-1.49967
-2.7419
-1.74362
-0.841493
-2.32749
-2.47803
-1.70074
-2.17812
-2.54442
-0.530014
-0.923225
-1.37395
-0.367157
-1.9084
-0.852038
-0.391185
-0.8063
-0.973403
-0.886521
-1.55568
-1.13033
-1.29885
-1.51302
-1.315
-0.561971
-1.77854
-1.38556
-1.97305
-1.60595
-1.85003
-1.09166
-1.59681
-2.54642
-1.45401
-1.63259
-2.31716
-0.799453
-1.71745
-0.990019
-1.82068
-1.44158
-1.95272
-1.21977
-2.03651
-1.72814
-1.8962
-1.58706
-2.1311
-1.64782
-1.4335
-2.12968
-2.2465
-2.34947
-2.09153
-1.33509
-1.77588
-1.87372
-1.40674
-2.22934
-2.8668
-1.59314
-1.82797
-1.12593
-1.89486
-1.70196
-1.32849
-2.49958
-2.64701
-1.48651
-1.84875
-1.77627
-1.19782
-1.96382
-2.07835
-0.833526
-1.2138
-1.38744
-0.71242
-0.758025
-2.00788
-1.55745
-1.34795
-1.28989
-1.35493
-1.03419
-1.53221
-1.20688
-1.92616
-1.55521
-1.63143
-1.14118
-2.18319
-1.65762
-0.724971
-2.26776
-2.72177
-1.02249
-1.458
-1.19958
-1.70335
-1.08399
-2.05226
-1.34653
-2.18337
-1.98339
-1.86616
-1.32221
-2.38837
-1.36222
-1.60525
-2.17997
-2.00605
-1.84012
-1.80654
-2.13876
-1.97727
-1.67954
-1.4281
-1.47162
-2.07071
-2.29344
-2.67979
-1.48417
-1.69023
-1.21632
-1.37633
-2.08722
-2.2222
-2.38916
-1.75554
-1.48895
-1.98377
-1.7157
-1.96285
-1.44003
-1.09662
-0.749329
-1.165
-1.37661
-1.42672
-1.12193
-1.29647
-1.31714
-1.6565
-0.721235
-1.58695
-1.68296
-1.70375
-1.50853
-1.67162
-1.09857
-1.95758
-1.73423
-1.23588
-1.43255
-2.05595
-1.60898
-1.867
-1.37758
-1.37294
-1.23227
-1.91122
-0.853164
-2.34433
-2.13858
-2.1425
-1.77996
-2.29712
-1.17484
-1.78495
-1.86188
-2.18921
-1.93
-1.58108
-1.63522
-1.75437
-2.52222
-1.70405
-1.34522
-2.23942
-1.56321
-1.92311
-2.02085
-2.56275
-1.49546
-1.25732
-1.54078
-2.31974
-1.96109
-1.32686
-2.3448
-1.83829
-1.35646
-2.69784
-1.16688
-0.86205
-1.39835
-0.95812
-0.840443
-1.78407
-1.86957
-0.763231
-1.02948
-1.76354
-0.846051
-1.86986
-1.4371
-1.74193
-1.96383
-1.44604
-0.990421
-1.94368
-1.67343
-0.709582
-1.82014
-2.91041
-2.01397
-2.59294
-2.66681
-0.925558
-1.68304
-1.22796
-1.03188
-1.51915
-0.789621
-2.12164
-1.6008
-1.34742
-1.11825
-1.0767
-2.02194
-1.2043
-1.59596
-2.76479
-2.40229
-1.17206
-2.09328
-1.01047
-1.83573
-2.47207
-0.760076
-1.80124
-2.19032
-1.63733
-1.40873
-2.04618
-1.75126
-1.09482
-2.24488
-0.671707
-2.61803
-1.81169
-0.791918
-1.41879
-2.032
-0.813105
-1.14144
-2.56037
-1.64109
-0.676781
-2.40677
-1.44282
-1.63277
-1.94094
-0.922159
-1.47838
-2.87472
-1.93998
-1.30983
-1.77786
-2.01465
-0.943266
-1.3846
-0.991164
-1.57526
-2.06992
-1.14611
-2.18898
-2.43173
-1.43537
-0.942589
-2.17298
-1.85748
-1.51019
-1.99451
-1.52595
-2.01832
-1.87273
-1.1542
-1.9516
-1.94508
-0.631863
-2.28856
-2.36747
-1.7488
-1.9008
-2.64577
-0.632387
-1.72138
-2.25976
-1.15657
-2.35503
-2.14004
-1.22271
-1.22601
-2.27957
-1.43119
-1.05341
-2.1518
-0.929529
-2.20144
-1.23601
-1.57069
-1.51232
-2.19376
-1.11172
-1.1343
-1.8591
-1.13499
-1.45311
-2.68506
-1.20233
-1.5705
-2.0262
-1.04303
-1.66034
-2.29659
-1.2526
-1.65301
-2.44189
-1.99639
-0.89915
-1.80005
-0.82672
-1.20282
-1.96428
-1.45735
-1.98104
-2.39386
-1.72991
-1.26089
-2.36582
-1.47447
-1.38855
-1.97427
-1.79546
-2.26742
-1.33939
-1.15046
-1.82841
-1.80397
-1.31111
-1.89876
-1.9927
-2.4079
-1.47643
-2.02757
-1.3453
-2.2335
-1.91282
-0.927919
-2.14804
-2.46371
-1.87195
-1.18919
-1.93249
-1.30802
-1.33726
-1.9066
-0.942512
-2.12008
-1.49411
-1.15815
-0.973506
-2.88707
-1.31673
-1.313
-2.18664
-1.07419
-0.65716
-2.02759
-1.9214
-1.89905
-1.7065
-1.09145
-1.67795
-2.42144
-1.42404
-1.03242
-1.81563
-2.33838
-1.69929
-1.80558
-0.804378
-1.63187
-1.78143
-1.07562
-1.8794
-2.68438
-1.44527
-1.12339
-2.65069
-1.66825
-1.55757
-1.59126
-1.59678
-2.27896
-1.59711
-1.37561
-1.42606
-1.70602
-1.23195
-1.66317
-2.51915
-1.93601
-1.03098
-2.64675
-0.927394
-1.63817
-2.62601
-1.53543
-1.79549
-2.36661
-1.74425
-1.5305
-2.7685
-0.618002
-2.02078
-1.82745
-0.329461
-0.656722
-0.916582
-1.11782
-0.68856
-0.845652
-1.37609
-1.01706
-2.06242
-1.39115
-0.981949
-0.866043
-1.51073
-1.35065
-2.17174
-1.2953
-2.23203
-1.5726
-1.50788
-1.69881
-2.48547
-1.19895
-2.11453
-2.23681
-1.32467
-2.42091
-2.60512
-0.869077
-1.87765
-1.41952
-1.02023
-1.182
-2.52333
-1.13963
-1.43431
-2.08685
-2.10538
-2.07466
-1.83408
-1.31049
-2.33493
-2.04891
-1.95099
-1.48013
-2.47779
-1.56175
-1.18652
-2.21303
-1.48889
-1.5958
-2.76083
-1.661
-1.94878
-1.42641
-1.57885
-2.04855
-2.13434
-2.13939
-1.70604
-1.98706
-1.66061
-1.85127
-1.54433
-1.55835
-2.28104
-1.03888
-1.30603
-0.868051
-2.19032
-1.20016
-1.91951
-1.71917
-1.44424
-1.40499
-1.46659
-0.337548
-2.64453
-2.29618
-1.79224
-1.58301
-2.28364
-1.32707
-1.62201
-1.58998
-2.18046
-2.37302
-2.2127
-1.30172
-1.9691
-1.54435
-1.28513
-1.32812
-2.22573
-1.08232
-1.74099
-1.72888
-2.25125
-2.14812
-2.05664
-1.36101
-1.57273
-2.13051
-2.25024
-1.64722
-2.45491
-1.36475
-1.22943
-1.67576
-1.72028
-2.20562
-1.83585
-1.09909
-2.80195
-1.82511
-1.31095
-1.30398
-2.07361
-2.4164
-1.93102
-2.01574
-1.60817
-2.13435
-1.33016
-1.24033
-2.54449
-1.31809
-0.580216
-0.849601
-2.16413
-0.994801
-1.75969
-1.30231
-2.10945
-1.91785
-1.38869
-0.517621
-1.92134
-1.44275
-2.26441
-2.41644
-2.54239
-1.29756
-1.46918
-1.79276
-1.69257
-1.7372
-3.01256
-1.19994
-1.53158
-2.00275
-1.30048
-1.45394
-2.47305
-1.2248
-1.47142
-1.75576
-2.48206
-1.87609
-2.0938
-1.41965
-1.85521
-2.27889
-1.55552
-1.79449
-2.80705
-1.46428
-1.27339
-1.48504
-1.83789
-1.7789
-2.11296
-1.77141
-1.89085
-1.26863
-2.14444
-1.72141
-1.83507
-1.71981
-1.84852
-2.27715
-1.82643
-2.19102
-1.36836
-1.61097
-2.34485
-1.09164
-0.881359
-1.18702
-1.59952
-1.01085
-1.74772
-1.20403
-1.89731
-1.64536
-2.0738
-0.987624
-1.92328
-1.48026
-1.5315
-1.461
-2.95649
-1.95167
-1.68099
-1.67206
-1.52082
-1.96156
-2.53862
-1.87167
-2.63479
-1.40642
-0.936175
-1.82699
-2.05935
-0.701621
-1.1764
-1.47281
-1.89472
-2.18534
-0.863067
-1.72367
-1.65861
-0.885124
-1.78893
-1.62359
-2.24231
-1.60021
-1.7071
-2.49098
-1.32021
-1.62637
-1.89891
-0.730908
-3.27818
-2.56928
-1.88816
-1.4647
-2.3247
-1.29542
-2.02715
-1.92014
-1.33022
-2.69422
-2.04194
-0.894015
-2.27861
-2.02399
-1.56428
-1.15818
-1.8873
-1.27316
-1.64187
-2.03998
-2.10355
-1.7581
-1.68817
-1.29367
-2.06731
-2.46156
-2.16219
-1.18868
-2.07061
-1.64469
-1.25394
-1.17964
-1.65762
-1.59225
-2.05413
-1.25939
-3.10323
-2.44621
-1.51126
-1.85504
-2.39907
-1.50609
-2.48655
-2.05556
-2.11218
-2.34845
-1.39391
-1.0176
-2.07875
-2.05044
-1.09434
-1.59642
-2.5379
-1.63881
-1.74454
-1.86955
-1.31075
-2.24485
-2.00673
-0.898865
-2.50782
-1.92887
-2.31719
-1.97841
-2.38161
-1.30813
-1.67614
-1.60968
-1.81429
-2.11146
-1.24421
-1.62762
-2.55479
-2.04104
-1.65221
-1.44605
-2.3118
-0.91742
-1.13512
-2.2993
-2.232
-1.37534
-1.92268
-1.12371
-2.21309
-2.44075
-1.45095
-1.75121
-2.51839
-1.57863
-1.68031
-1.49186
-1.24082
-1.0941
-1.98911
-1.46194
-2.62505
-2.22925
-2.25694
-1.70918
-2.29173
-2.17887
-1.92211
-1.52906
-2.84554
-2.55135
-1.40464
-1.43295
-2.11634
-1.36079
-1.00392
-2.40269
-2.05724
-1.53308
-2.04922
-1.8372
-1.23407
-1.57681
-1.88335
-1.50842
-2.61058
-1.98797
-1.68086
-1.28673
-2.92898
-1.92567
-1.80438
-1.6618
-1.61674
-1.81904
-1.83443
-1.04464
-1.74429
-2.64521
-1.85887
-1.50355
-2.43283
-1.19473
-1.5551
-1.84952
-1.75323
-1.65356
-2.13613
-0.816498
-2.38053
-2.29559
-1.53192
-1.5557
-1.86055
-2.09774
-2.13532
-1.43009
-1.59609
-1.42028
-1.52857
-1.0197
-2.68036
-2.38822
-1.83742
-1.34002
-3.00262
-1.91436
-1.80549
-2.10199
-2.25261
-2.02476
-2.10509
-1.66863
-2.17946
-1.67808
-1.13488
-1.56523
-2.05008
-2.26334
-1.61164
-1.81764
-1.54284
-1.61572
-1.91503
-0.824672
-2.57216
-2.61627
-1.47678
-2.16202
-2.66534
-1.46075
-3.03357
-2.59322
-0.922967
-0.852151
-0.623758
-1.64288
-0.749926
-0.86965
-0.553502
-1.30424
-0.785958
-0.815598
-0.917027
-1.20942
-0.808037
-1.27939
-1.30353
-1.02041
-1.32791
-1.29246
-2.09496
-1.90096
-1.27598
-0.753091
-2.31943
-2.84464
-1.31376
-1.52517
-2.2843
-1.50282
-0.92516
-1.0449
-0.827587
-1.84847
-1.47635
-0.826704
-1.878
-2.09571
-1.68002
-1.15381
-2.18671
-1.62333
-1.51566
-1.56856
-1.87532
-2.04145
-1.7508
-1.86716
-1.65634
-2.08475
-1.34243
-0.973939
-2.58908
-1.62741
-2.04931
-1.18648
-1.45079
-1.59042
-1.70533
-0.873169
-2.29831
-2.05956
-1.27516
-1.18588
-1.55884
-1.78886
-1.85475
-0.937451
-0.817238
-1.54648
-1.13348
-1.03491
-1.54686
-1.88665
-0.698096
-0.710348
-1.41004
-1.38859
-1.26347
-1.34114
-1.33214
-1.85689
-2.1775
-0.95475
-1.26015
-1.9918
-1.58476
-2.03401
-2.82767
-1.36008
-1.26635
-1.3197
-0.783131
-1.42427
-1.49904
-1.05039
-1.42364
-2.20789
-1.80049
-1.27143
-2.27166
-1.47749
-1.44638
-1.80547
-1.99744
-1.61313
-1.84694
-1.35132
-1.3045
-2.81363
-1.48008
-1.15487
-2.35109
-1.54393
-2.13461
-0.971612
-1.83647
-1.60639
-1.35923
-1.36246
-2.34018
-1.55145
-1.49
-1.28055
-1.49822
-1.59028
-2.16544
-0.7966
-0.644876
-1.43922
-1.11508
-0.934685
-1.46449
-2.15761
-1.03173
-1.10192
-1.30271
-0.722457
-1.39053
-1.60969
-1.34521
-1.91313
-1.49536
-0.91777
-2.20067
-2.1024
-0.530825
-1.13783
-3.07017
-1.92117
-1.71233
-1.30816
-0.998777
-1.83529
-1.36606
-0.775451
-1.41815
-2.51475
-1.41461
-1.44129
-2.42714
-1.51078
-1.54503
-1.54416
-1.92429
-1.92038
-1.91425
-0.904914
-1.38681
-2.27529
-1.13004
-1.89796
-2.40455
-1.70043
-1.90231
-0.901006
-1.9809
-1.53234
-1.75335
-1.45968
-1.91351
-1.95632
-1.50009
-0.786139
-1.68267
-1.79582
-2.06323
-0.633401
-0.996909
-1.23455
-0.9495
-0.825369
-1.37402
-2.05056
-0.923965
-1.34302
-1.57242
-1.20374
-1.2658
-1.06574
-1.44839
-2.25776
-1.42826
-1.00709
-1.37597
-2.04908
-1.40507
-1.36881
-1.74028
-1.95646
-2.80877
-2.04002
-0.414599
-1.88995
-0.58255
-1.00802
-0.851102
-1.2771
-1.71734
-2.0938
-1.82499
-1.81218
-1.064
-1.31409
-1.61496
-1.68874
-2.77603
-2.256
-1.09974
-2.42327
-0.848878
-1.90355
-1.84711
-1.2121
-1.96364
-2.54457
-1.84323
-1.60884
-2.48207
-1.5917
-1.70034
-2.19115
-1.09115
-1.96507
-1.63492
-1.01332
-1.96377
-2.35981
-1.43242
-1.53283
-1.93567
-1.52285
-1.16986
-2.14542
-2.1203
-1.47117
-2.46771
-1.17291
-1.96008
-2.27376
-1.76605
-1.01199
-1.94855
-1.82896
-1.37614
-1.71878
-1.01406
-1.64974
-1.85567
-1.67691
-1.77223
-2.52048
-1.77715
-1.13701
-2.26188
-1.91596
-1.29189
-1.79206
-2.38539
-2.31311
-1.6164
-1.37612
-2.27458
-2.22261
-0.809678
-1.70389
-2.72361
-1.90754
-1.90629
-2.51819
-0.788921
-1.94333
-1.92882
-1.16091
-1.83249
-2.50067
-1.52725
-1.60884
-2.41886
-1.67927
-1.4704
-1.90512
-1.61639
-2.23788
-1.57443
-1.06151
-1.37558
-2.16419
-1.8064
-1.58839
-2.29758
-1.47088
-0.713963
-2.30382
-1.88161
-1.38348
-2.41337
-0.946501
-2.3205
-2.34636
-1.69191
-1.08279
-2.26372
-1.75694
-1.11932
-1.61978
-1.42171
-1.4108
-1.85454
-1.57954
-1.80079
-2.81615
-1.31794
-1.25768
-2.66374
-1.75687
-1.40222
-1.97875
-1.64122
-1.9851
-2.13462
-1.48659
-1.69111
-1.79964
-1.67663
-2.23966
-1.97594
-1.86231
-1.79246
-2.09057
-1.55735
-2.04334
-1.8598
-1.31089
-1.90827
-2.57005
-1.39515
-1.63296
-2.17565
-1.76736
-1.42043
-2.08227
-1.40235
-1.95996
-2.11789
-1.26411
-1.34601
-2.26352
-1.20408
-1.40037
-2.672
-1.54762
-1.14471
-2.38048
-1.41169
-1.5441
-2.20165
-0.899962
-2.22554
-2.26522
-2.08414
-1.18439
-2.207
-1.74421
-1.42594
-1.55674
-1.07135
-1.41775
-2.21047
-1.42531
-1.82914
-2.71029
-1.38818
-1.56901
-2.20813
-1.88884
-1.79132
-1.81457
-1.74355
-2.25169
-1.37746
-1.23785
-2.19185
-2.00985
-1.01805
-1.81047
-2.78341
-2.36098
-1.04056
-2.11967
-1.45387
-1.67921
-2.63248
-1.41537
-1.8443
-2.59796
-1.55844
-1.56808
-1.91321
-1.32268
-1.57973
-2.20735
-0.424341
-1.24975
-0.729495
-0.494574
-1.16692
0.190929
-1.71906
-1.37619
-1.40353
-0.697544
-0.326911
-1.65762
-2.26508
-1.19207
-1.11469
-1.57108
-2.18887
-1.01579
-1.39559
-2.07328
-1.77814
-0.796942
-0.874467
-1.57951
-1.89588
-1.86989
-0.942894
-1.43373
-1.73735
-1.00977
-0.264225
-2.46954
-2.02548
-1.13784
-1.06756
-1.70483
-2.37357
-1.62182
-1.59835
-1.92822
-2.14248
-1.3252
-1.4528
-2.2752
-1.75247
-1.42534
-0.661123
-2.45758
-2.72021
-2.0173
-1.11314
-1.91509
-2.21171
-0.740099
-1.19192
-2.26802
-1.43306
-1.59608
-1.8612
-1.07261
-2.2362
-1.90355
-0.502363
-2.12446
-2.53445
-0.502135
-0.165914
-1.12787
-1.75804
-0.992238
-1.00277
-1.22566
-1.54556
-2.16031
-0.793205
-0.965379
-2.83083
-1.55908
-1.35536
-2.17514
-1.83033
-1.0756
-1.14686
-1.26827
-1.53232
-1.60269
-1.49199
-1.49162
-1.41641
-0.900125
-0.70789
-1.9708
-1.40973
-1.76753
-1.33398
-1.78722
-2.28261
-1.73492
-1.18495
-1.42199
-2.50821
-1.77019
-1.70817
-1.96794
-1.83183
-1.53025
-0.680595
-1.69206
-1.80599
-2.37317
-1.84021
-2.10304
-2.46871
-0.956481
-1.05277
-1.69173
-1.55181
-2.03157
-1.39531
-1.57243
-2.28082
-1.27347
-0.642123
-2.06015
-2.55573
-0.733297
-0.313141
-1.42906
-1.02709
-0.70573
-1.45907
-1.19945
-1.80541
-1.34194
-0.274277
-1.84393
-2.51085
-0.885467
-1.94434
-2.66767
-1.8279
-1.15336
-1.20955
-1.59781
-1.71322
-1.24301
-1.12953
-1.15789
-2.05993
-0.943574
-0.341656
-1.93774
-1.73192
-1.35749
-0.655767
-2.47315
-2.69881
-1.80744
-1.16885
-1.62114
-2.10786
-1.26397
-2.01776
-2.32708
-1.9703
-1.22509
-0.757603
-1.80898
-1.83889
-1.61944
-0.925771
-2.51994
-3.15136
-1.16293
-1.22688
-1.94464
-1.37997
-1.53502
-1.52015
-1.99135
-1.87192
-1.68311
-0.802065
-1.42922
-2.90312
-0.664486
-0.487092
-1.68895
-1.19791
-0.95027
-0.628229
-0.930013
-2.19322
-1.33584
-0.468497
-1.02583
-1.95325
-1.81816
-1.60042
-2.06093
-2.40531
-1.69392
-1.16605
-1.67182
-1.37155
-1.34581
-1.99394
-2.48431
-2.00324
-1.52248
-1.45675
-1.9647
-2.06135
-1.76244
-1.52002
-1.24119
-1.50241
-2.04268
-1.23464
-1.24632
-2.72421
-1.73939
-1.64737
-2.88687
-2.65089
-1.58831
-1.40759
-2.22161
-1.44378
-1.46097
-1.52856
-1.26703
-2.39671
-2.281
-1.21747
-2.15432
-2.20637
-1.98954
-1.1432
-1.6797
-1.38686
-1.63022
-0.854024
-2.21875
-2.44515
-1.8895
-0.722897
-1.54433
-2.57617
-1.37996
-0.810231
-2.3685
-1.8664
-1.29924
-1.03054
-1.39862
-2.03438
-1.97902
-1.06577
-1.41436
-2.15681
-1.71338
-0.970167
-1.74716
-1.79454
-1.08949
-1.65115
-1.78477
-2.41008
-2.09234
-0.787207
-1.28715
-2.41292
-1.63271
-1.3271
-2.13873
-2.4087
-1.61143
-1.08027
-1.70684
-2.46931
-1.11047
-1.44372
-3.09025
-3.02306
-2.33598
-1.4556
-2.31623
-1.55432
-1.39929
-1.45332
-1.25026
-2.7433
-1.71119
-0.828051
-2.26053
-2.26592
-1.55677
-1.04025
-2.67207
-1.57594
-1.37651
-0.688421
-1.20964
-1.91514
-2.48727
-1.21346
-2.03595
-2.1445
-0.873082
-1.23638
-2.73997
-2.12846
-1.25147
-1.17273
-1.45092
-2.13813
-1.84387
-0.768148
-1.72101
-2.00906
-1.29108
-1.16187
-2.102
-1.46856
-1.02072
-1.63046
-1.67894
-2.95167
-2.06785
-0.924995
-1.82664
-2.12876
-1.19655
-1.47612
-2.14586
-2.12319
-2.06715
-1.00784
-1.30965
-2.51658
-1.37584
-0.880073
-2.03014
-3.14838
-2.47484
-1.93302
-3.03094
-1.6064
-1.4174
-1.56305
-1.20829
-2.73903
-1.82452
-1.27617
-1.74515
-2.02803
-1.72178
-1.15039
-2.2679
-1.45722
-2.39146
-0.948456
-0.986468
-1.83049
-1.63709
-0.705284
-2.65697
-2.56396
-1.28219
-0.686787
-2.17643
-2.48058
-1.5181
-1.36873
-1.30329
-2.16103
-1.79456
-0.869446
-1.57292
-1.8386
-1.68107
-0.994326
-1.65061
-1.60983
-1.43978
-1.2708
-1.64857
-2.84276
-1.89087
-1.46152
-1.79226
-2.25188
-1.67266
-1.07103
-1.5806
-2.25945
-2.0835
-0.871246
-1.86847
-2.45036
-0.994798
-0.84364
-2.22072
-2.4597
-1.45469
-1.96216
-3.19783
-2.0572
-2.1752
-1.62511
-1.25022
-2.8921
-1.78289
-0.864743
-2.23092
-2.69615
-1.50797
-1.89243
-2.49883
-1.07033
-0.931708
-1.87502
-1.25639
-0.946622
-0.595172
-1.16192
-0.534091
-1.10504
-0.584516
-0.969781
-1.63686
-1.6211
-1.23688
-0.924344
-0.668453
-1.62481
-1.43187
-2.0478
-1.4473
-1.99158
-1.41842
-1.12369
-1.43767
-1.57413
-1.96215
-2.02865
-0.84953
-1.77051
-1.46184
-1.1501
-1.19053
-1.71895
-1.5957
-1.60092
-1.65155
-2.23853
-1.84751
-1.52231
-1.88029
-1.91445
-2.15304
-2.22891
-1.25694
-2.17849
-1.61191
-0.831009
-2.47248
-2.68882
-1.95076
-1.61161
-1.46995
-2.63768
-1.68223
-1.55294
-1.56229
-1.65942
-2.81326
-2.23443
-1.79519
-1.83335
-1.71586
-1.16123
-1.27851
-1.94813
-1.38542
-0.82866
-0.560483
-1.61611
-1.39192
-1.24485
-1.08838
-2.24331
-1.3849
-0.927695
-0.711856
-1.48071
-1.34459
-1.72429
-1.28293
-2.13063
-1.48209
-1.19099
-1.55395
-1.70711
-1.35103
-1.76158
-1.42393
-1.51837
-1.2385
-1.56913
-1.14858
-1.87168
-1.56939
-0.987852
-1.9382
-2.84191
-1.5456
-1.43233
-1.63352
-1.58854
-2.42696
-2.1256
-1.58631
-2.25682
-1.64871
-1.06597
-1.45976
-1.91597
-2.18464
-2.40873
-2.07512
-1.8816
-1.30987
-2.4002
-1.38426
-1.52694
-2.47261
-1.46453
-2.3466
-2.62886
-1.73978
-0.940621
-1.62667
-2.35089
-0.774285
-0.784169
-1.11923
-1.19913
-1.16138
-1.32798
-1.21113
-1.99522
-1.09634
-1.56157
-0.974624
-1.51157
-1.45465
-1.59289
-1.27097
-1.81485
-1.47133
-1.43841
-1.69009
-1.77841
-1.45122
-1.91189
-0.700942
-1.32095
-1.79687
-1.32438
-0.93836
-2.1908
-1.51343
-1.13997
-1.98948
-2.29056
-1.76425
-2.1253
-1.22374
-1.56642
-2.25033
-1.82954
-1.894
-2.14624
-1.89152
-1.10662
-1.4984
-2.20688
-1.3315
-1.63646
-2.3807
-2.66058
-1.91083
-1.61644
-1.01643
-2.38332
-2.30675
-1.42463
-2.04485
-1.93742
-2.33106
-1.74005
-1.76321
-2.03766
-1.22618
-1.1131
-0.47506
-1.06594
-1.67178
-0.784097
-1.06624
-2.01121
-1.32273
-1.32263
-0.672012
-2.20775
-1.6335
-1.60322
-1.33964
-1.69576
-1.34053
-1.11889
-1.56224
-1.53661
-1.44629
-2.12157
-1.6073
-2.06405
-1.53042
-1.13256
-1.68145
-1.4696
-1.07731
-1.51017
-1.58297
-1.51134
-1.95103
-0.677501
-0.787999
-0.913396
-1.83315
-1.5777
-1.84847
-2.15256
-2.42066
-1.40808
-2.10636
-0.835266
-1.72902
-1.91222
-1.02734
-2.28252
-2.22957
-1.87141
-1.19287
-2.81282
-2.05087
-0.942954
-1.8109
-1.09286
-1.74841
-1.4948
-1.68487
-1.45977
-2.05632
-0.987896
-1.94948
-2.3071
-1.35264
-1.57505
-2.89247
-1.93606
-1.26145
-2.15543
-0.952531
-2.10195
-2.32173
-1.24516
-0.779642
-2.05889
-1.89894
-0.759924
-1.87139
-1.15721
-1.73186
-2.01244
-1.18529
-2.34863
-2.24074
-1.3491
-1.17248
-2.19768
-2.18867
-1.24774
-2.16707
-1.88472
-2.28281
-1.59094
-1.7818
-1.36987
-1.81447
-1.02322
-1.65062
-2.77884
-2.09763
-1.26017
-2.65851
-0.958706
-1.61788
-2.04399
-0.977013
-1.81853
-2.40414
-1.93431
-1.36948
-2.46414
-1.33578
-1.84784
-2.32021
-0.872636
-1.89206
-1.62907
-0.748774
-1.26233
-2.98237
-1.37599
-1.24961
-1.92928
-2.01917
-1.07239
-2.13015
-2.23879
-2.07372
-2.22032
-0.881968
-1.88038
-2.22174
-1.81987
-1.16613
-1.71279
-1.51574
-1.30947
-1.60213
-0.743367
-1.60368
-1.96544
-1.66248
-1.95427
-2.24456
-1.9135
-0.928235
-2.18099
-1.79941
-1.41007
-2.30223
-1.55353
-2.43405
-1.59724
-1.51637
-1.64081
-2.23316
-0.742186
-1.74883
-2.14709
-1.88432
-1.88638
-2.24037
-0.823599
-2.18446
-2.13756
-0.982608
-1.95195
-2.42491
-1.455
-1.46776
-2.49954
-1.39023
-1.45303
-1.68029
-1.64709
-2.35608
-1.3436
-0.871211
-1.36262
-2.03928
-1.08106
-2.11877
-2.19213
-1.24122
-0.711356
-2.7694
-1.80158
-1.31948
-2.60125
-1.68114
-2.05946
-2.07862
-1.74732
-0.963853
-2.34547
-1.87603
-0.939522
-1.31993
-1.2162
-1.36366
-1.5693
-1.63286
-1.90457
-2.79751
-1.54052
-1.03974
-2.79542
-1.59428
-1.3603
-1.87118
-1.70095
-2.51088
-1.39119
-1.67804
-1.6754
-1.95572
-0.984866
-2.25276
-1.9481
-1.98699
-1.3248
-2.05428
-1.52808
-1.80329
-2.03792
-1.55996
-2.04539
-2.26789
-1.6477
-1.52437
-1.92022
-1.15607
-2.05444
-1.8591
-0.610962
-1.40553
-0.494221
-1.2491
-1.08055
-0.624203
-1.02827
-0.887948
-1.00203
-1.17617
-0.982946
-1.14119
-0.890112
-1.30595
-0.667624
-1.01841
-1.75245
-0.633448
-1.38637
-2.44566
-0.947281
-1.41747
-1.47131
-2.30212
-0.911682
-1.45115
-1.83851
-1.34014
-0.901318
-0.637519
-1.05071
-2.12926
-0.953633
-1.21909
-1.51499
-1.94543
-1.20568
-1.54979
-2.04666
-2.06008
-1.25543
-1.74706
-2.00598
-2.2499
-1.37006
-1.37063
-1.59623
-2.21321
-0.825809
-1.2625
-1.84804
-1.95029
-2.08161
-0.819118
-1.74921
-2.19584
-0.566031
-1.81115
-1.89889
-1.52556
-1.90572
-2.19636
-1.50206
-2.00319
-1.74154
-1.05832
-1.25733
-1.28723
-0.866789
-0.842945
-2.28888
-1.9471
-0.93903
-1.09734
-1.14925
-1.45958
-1.06702
-0.563726
-1.94787
-2.04677
-0.775319
-1.47967
-1.66986
-2.04281
-0.588533
-2.03993
-1.99785
-1.42367
-1.06894
-0.496931
-0.904368
-1.76967
-0.820661
-1.46398
-1.60332
-2.01755
-1.35744
-1.71141
-1.41501
-1.87058
-1.79535
-1.51055
-1.79503
-2.61982
-1.29266
-1.49402
-1.61409
-1.68478
-1.18679
-1.96129
-1.51861
-2.04643
-1.80099
-0.475103
-2.03881
-2.07972
-0.905758
-1.96145
-1.95744
-1.73963
-0.902951
-1.52285
-1.73157
-2.74589
-2.36034
-0.234448
-0.87405
-2.18748
-0.697711
-0.829235
-1.98618
-1.26974
-1.48937
-1.9076
-1.15989
-1.15234
-1.46389
-0.85303
-1.29114
-1.92347
-1.36713
-1.01492
-1.45106
-2.0344
-0.703132
-1.77539
-1.68508
-2.05596
-1.29573
-0.534527
-1.09019
-1.68437
-0.729316
-1.12725
-1.56966
-2.14886
-1.49853
-1.78803
-1.53287
-2.02064
-1.0944
-1.19081
-2.30505
-2.31015
-1.06543
-1.94161
-1.50725
-1.81625
-1.27681
-1.33266
-1.7857
-2.58813
-1.43134
-0.482705
-1.83575
-1.74353
-1.21463
-1.84932
-2.18318
-1.8969
-0.935897
-1.6767
-0.850697
-2.04641
-2.70828
-0.936457
-1.42476
-1.35735
-0.289164
-1.73583
-1.83373
-1.17281
-1.18279
-1.12475
-1.80772
-1.99168
-1.55329
-0.715842
-1.74052
-2.31069
-0.695018
-0.939733
-1.9666
-1.65379
-0.605499
-2.50894
-1.96866
-2.34272
-2.33174
-1.34511
-0.594179
-1.9098
-1.3261
-0.29146
-0.587724
-2.12402
-2.29241
-2.2141
-1.36845
-0.883582
-1.82288
-1.62805
-1.3068
-1.90009
-2.48644
-1.90203
-1.692
-2.34104
-1.21822
-2.2112
-1.83016
-1.09845
-2.89505
-2.13761
-1.66034
-1.71474
-2.02502
-1.32225
-2.2082
-1.91616
-1.54225
-1.97798
-2.1183
-1.33969
-1.74466
-1.87412
-1.85582
-1.35552
-2.6917
-1.45225
-1.18718
-2.39598
-1.85755
-1.67916
-1.67946
-1.0878
-2.17782
-2.18674
-1.94143
-1.33746
-2.36607
-1.53192
-2.1866
-1.69771
-1.50385
-1.35802
-1.95722
-1.24454
-3.10145
-2.28491
-1.94316
-1.48596
-2.23419
-1.69751
-2.2879
-1.54492
-2.75555
-2.18156
-2.18267
-1.3921
-2.53664
-1.57021
-1.5975
-1.7958
-2.26071
-1.87015
-2.07171
-2.22225
-1.18844
-2.11585
-1.88782
-1.44149
-2.45143
-2.2674
-2.03854
-1.52076
-2.1535
-1.63947
-1.48732
-1.6555
-2.01097
-2.17031
-1.54037
-0.929684
-2.56688
-2.36574
-1.16334
-1.37799
-2.56865
-1.10143
-1.94567
-2.47618
-1.79026
-1.70584
-1.75618
-1.071
-2.09429
-2.15009
-1.64862
-1.33746
-2.30194
-1.63151
-1.96809
-1.41347
-2.03694
-1.64257
-1.9067
-1.3302
-2.54411
-2.08212
-2.32653
-1.51552
-2.62448
-1.70117
-1.84802
-1.70611
-2.56903
-2.09668
-2.08664
-1.21431
-2.89749
-1.64145
-1.55103
-1.90009
-2.55329
-1.79495
-1.77964
-2.11409
-1.58392
-1.90521
-1.86231
-1.33067
-2.51015
-2.57226
-1.59369
-1.65087
-2.53529
-1.44851
-1.62462
-1.8882
-1.27923
-1.85435
-2.01819
-1.04142
-1.99545
-1.97626
-1.9429
-1.91857
-1.86347
-1.02003
-1.85911
-2.03406
-2.56573
-1.80609
-1.70184
-1.17822
-2.14888
-2.20412
-1.52681
-1.3551
-1.96141
-1.7114
-1.91126
-1.58703
-1.83031
-1.35859
-2.417
-1.54038
-2.47859
-2.18977
-1.75542
-1.32456
-2.99423
-1.7216
-2.23032
-1.79206
-2.09265
-2.26751
-1.87702
-1.1413
-2.81441
-1.5251
-1.93716
-1.94257
-2.49674
-1.79276
-2.13527
-2.03189
-1.25614
-1.86119
-2.2287
-1.19783
-2.49753
-2.48222
-1.30965
-2.67981
-2.51331
-1.80478
-2.75319
-2.49879
-1.69253
-0.902105
-1.23749
-1.1086
-1.04079
-0.833534
-0.0582664
-0.963396
-2.51466
-1.212
-0.995423
-1.65467
-1.88451
-1.33136
-1.35634
-1.18789
-1.84783
-1.02128
-1.30428
-2.21971
-1.91168
-1.46998
-0.999107
-2.39588
-1.6848
-1.53603
-2.19739
-0.992251
-1.58033
-1.08468
-0.538923
-2.23698
-2.05901
-1.46053
-1.04005
-2.33817
-2.28369
-2.24138
-1.46869
-1.68671
-2.07744
-1.75994
-2.12058
-2.22796
-2.41236
-1.92666
-0.956448
-1.90531
-1.89374
-1.70174
-1.58291
-1.83191
-2.68141
-0.989904
-1.4331
-1.57817
-2.80907
-2.07356
-1.26525
-1.70578
-1.98271
-1.50825
-0.899209
-2.5425
-2.72064
-0.556246
-0.220657
-2.03212
-2.1225
-0.863553
-1.68868
-2.24017
-2.04033
-1.18362
-1.21821
-0.978942
-2.48861
-1.32004
-0.941486
-1.91231
-2.38183
-1.33065
-0.636548
-2.28183
-1.57947
-2.11832
-1.87766
-1.17203
-2.21976
-0.812862
-0.40771
-1.78207
-2.18868
-1.54923
-0.844774
-2.42764
-2.36969
-1.98747
-1.67252
-2.20822
-1.89248
-1.76646
-1.57348
-2.04847
-3.06859
-1.56666
-0.843219
-2.52182
-1.98136
-1.58003
-1.71027
-1.76199
-2.18758
-1.17893
-1.52639
-1.74395
-2.38835
-1.41995
-2.20158
-2.23134
-1.75316
-1.65681
-1.0229
-1.6165
-2.54156
-1.57872
-0.612472
-1.29161
-1.71697
-1.62372
-1.10085
-1.46316
-2.38883
-1.96543
-1.28938
-0.964518
-2.28253
-1.26606
-1.56446
-2.30495
-2.06722
-0.963461
-1.21943
-2.10251
-1.21738
-1.96429
-1.75054
-1.66207
-1.90292
-0.920806
-1.03505
-1.53791
-2.15858
-1.16067
-0.99252
-2.59764
-2.04821
-2.17885
-1.6708
-1.94641
-2.08106
-2.22756
-1.29485
-2.1269
-2.4556
-1.40667
-1.42398
-2.04605
-1.84888
-2.12749
-1.8003
-1.73683
-2.35872
-1.08959
-1.02379
-1.84471
-2.4693
-1.51088
-1.80685
-1.59303
-2.62573
-2.14995
-0.746307
-1.76848
-2.63203
-0.609129
-0.280429
-2.15502
-1.99298
-0.77425
-0.692479
-2.14848
-1.90316
-1.19779
-1.67941
-1.68132
-2.43981
-1.14457
-1.41981
-2.09219
-2.66143
-1.28933
-0.79287
-1.76716
-1.69527
-1.61076
-1.95468
-2.36673
-1.85977
-2.73873
-1.40034
-2.10169
-1.30183
-0.70585
-0.637487
-1.95222
-1.16025
-1.39654
-1.42326
-0.862901
-1.83517
-2.15933
-1.10582
-1.76462
-2.9158
-2.28384
-1.4427
-2.04243
-1.21553
-1.67258
-2.78041
-1.39369
-1.85814
-2.65738
-1.42796
-1.31976
-1.97672
-1.93345
-1.22261
-1.71067
-1.08226
-1.81156
-1.84476
-0.775351
-1.97708
-2.46333
-0.950398
-1.17023
-2.16913
-1.19964
-1.23939
-2.17427
-1.75446
-1.34815
-2.04338
-0.870569
-1.74887
-2.07097
-1.84123
-0.84521
-2.30476
-1.67524
-1.34936
-1.5531
-1.31533
-1.02416
-2.05606
-1.1681
-2.26653
-2.32693
-1.30124
-1.49408
-2.19385
-1.95072
-1.66746
-1.72417
-2.05108
-2.11435
-1.51715
-0.987408
-1.83294
-1.73559
-1.52025
-2.05934
-2.3103
-1.82384
-2.02995
-2.47675
-0.888311
-1.68252
-2.49742
-0.882061
-2.66377
-2.70014
-1.25826
-1.78311
-2.1508
-1.43119
-0.973504
-2.26112
-1.04987
-1.66518
-1.65779
-0.593086
-1.5651
-2.19886
-1.73098
-1.60947
-1.95823
-1.10959
-1.03913
-2.17795
-1.76485
-1.35986
-2.3465
-0.745993
-1.77362
-2.14033
-1.61727
-0.878475
-2.32991
-1.49529
-1.48655
-1.49701
-1.23016
-1.28382
-2.28422
-1.01949
-1.99228
-2.45111
-1.76453
-1.16192
-2.21817
-2.00599
-1.36115
-2.06794
-1.96939
-2.06518
-1.89839
-1.13673
-1.48457
-1.59235
-1.23719
-1.67439
-2.82803
-2.16123
-1.41402
-2.16957
-1.46346
-2.112
-2.19791
-0.878564
-2.3714
-2.29586
-2.17383
-1.84703
-2.03852
-1.81411
-1.17328
-1.82927
-0.855852
-2.28581
-1.62169
-0.569679
-1.37983
-2.07861
-1.37392
-1.32738
-2.72287
-1.48605
-0.777188
-2.07841
-1.47018
-1.45564
-2.266
-0.885163
-2.01115
-2.1077
-1.46981
-0.949427
-2.11163
-1.50733
-1.59466
-1.36051
-1.32346
-1.35678
-2.20256
-1.23194
-2.19569
-2.15893
-1.44094
-1.14236
-2.71859
-1.55951
-1.40979
-2.14176
-1.58831
-2.388
-1.78757
-1.09886
-1.9639
-1.8032
-0.887017
-1.53053
-2.39749
-1.76096
-1.90342
-2.42952
-0.864588
-1.71848
-2.75243
-1.31169
-2.08144
-2.3286
-1.94813
-1.28474
-3.08568
-1.38304
-2.03199
-2.70109
-0.975841
-0.62621
-0.935477
-0.756713
-0.134296
-1.27088
-0.796137
-1.37199
-0.559206
-1.50812
-1.0063
-2.25667
-1.40094
-1.69585
-1.10231
-1.26466
-0.92118
-2.24041
-1.86697
-2.34172
-1.17589
-2.07223
-1.79765
-2.34018
-1.13646
-1.8031
-3.02369
-2.37358
-1.46033
-1.77448
-0.931201
-1.87444
-1.42144
-2.13454
-1.22128
-2.39516
-1.76605
-1.89003
-2.28594
-1.89623
-1.44562
-2.38739
-1.99769
-2.30342
-1.76689
-1.90266
-1.05179
-1.6885
-1.26294
-2.48557
-2.6748
-2.10721
-1.19715
-1.56802
-1.91837
-1.5198
-1.82514
-2.46488
-1.93483
-1.73779
-1.68758
-1.80038
-1.52673
-2.12752
-1.64119
-1.32606
-1.33683
-1.0966
-0.911356
-2.23691
-1.31533
-1.71855
-0.970369
-2.19349
-1.86034
-1.64302
-0.775566
-1.47129
-1.56844
-2.56169
-1.44396
-2.29995
-1.16221
-2.04571
-1.33862
-2.0985
-2.50097
-1.52748
-1.51562
-2.27661
-1.83548
-1.75598
-1.11205
-2.14696
-1.37321
-2.34476
-1.51256
-2.24239
-2.16301
-2.1209
-1.28271
-2.01337
-2.4322
-2.12077
-1.50699
-2.56043
-1.39184
-1.71402
-1.01769
-1.50257
-2.09186
-2.89955
-1.88977
-1.53247
-1.65662
-1.58915
-1.45602
-2.37041
-2.34561
-1.90316
-1.45596
-1.68379
-1.83373
-2.2244
-1.82733
-1.23633
-0.993172
-1.28352
-1.13406
-1.57027
-1.2441
-2.08941
-0.982445
-1.66396
-1.47953
-2.15037
-1.54877
-1.79725
-1.46552
-1.73516
-1.26068
-2.4896
-1.42603
-2.37829
-0.602403
-1.93697
-2.7606
-1.94261
-1.07639
-1.48632
-1.98951
-2.29339
-2.04253
-2.1396
-1.10941
-2.41559
-1.70915
-2.24844
-1.86697
-2.39906
-1.23014
-2.14959
-2.26634
-1.62554
-1.95546
-2.37064
-1.16976
-2.35475
-1.43742
-1.51946
-1.972
-1.91719
-1.3961
-2.29228
-2.32432
-1.55313
-1.05886
-2.43016
-1.9027
-1.77839
-1.82978
-1.87686
-1.52975
-2.04274
-2.03692
-1.19291
-1.22155
-1.17451
-0.88482
-1.84469
-1.48048
-1.46192
-0.94124
-2.03199
-1.51841
-1.54971
-1.08375
-2.28373
-2.25128
-2.13859
-1.12648
-1.73339
-1.16111
-2.6341
-0.491202
-1.93928
-1.92773
-1.77088
-2.51252
-1.80845
-0.889715
-2.11805
-1.21312
-2.05654
-1.20425
-1.4159
-1.91829
-2.09837
-0.602176
-2.03195
-2.14469
-1.17721
-0.628248
-2.01011
-2.44952
-1.5939
-1.71484
-2.68161
-1.16563
-1.30009
-1.89574
-1.68914
-2.55624
-2.78193
-1.80063
-2.47217
-2.19102
-1.5739
-0.834971
-2.22773
-1.66771
-1.71303
-0.830807
-1.81227
-1.95229
-1.77043
-0.912675
-1.60542
-2.41166
-0.86109
-0.445077
-2.70824
-1.88903
-1.30744
-1.4164
-1.28059
-2.88158
-1.73966
-1.51379
-1.34134
-1.86981
-1.27345
-1.31256
-1.94384
-1.5213
-1.12765
-1.16068
-2.05956
-2.70382
-2.03898
-1.319
-1.58474
-2.31784
-1.51263
-1.77677
-1.87971
-2.19789
-2.40891
-1.02889
-1.9673
-2.09868
-2.07588
-0.824672
-2.00976
-2.21737
-1.48338
-1.42045
-2.37879
-1.86392
-1.79213
-1.1714
-1.23035
-3.09493
-2.22941
-1.00594
-2.847
-2.95244
-1.86562
-0.891005
-2.25308
-1.37173
-1.896
-0.987261
-1.23325
-1.8806
-2.13268
-0.652792
-1.81158
-2.20994
-0.936142
-1.08965
-2.2077
-1.69129
-1.54197
-1.10424
-1.42469
-2.44567
-1.67957
-1.70419
-1.466
-2.52379
-1.23866
-0.859293
-1.59628
-1.84152
-1.24664
-1.34666
-1.75654
-2.44668
-2.38167
-1.21794
-1.72433
-2.53294
-1.42873
-1.35065
-1.95476
-2.60543
-1.92113
-0.95507
-2.12659
-2.45444
-1.56943
-0.387224
-2.97337
-2.51044
-1.46222
-1.1772
-2.21562
-1.50074
-1.48981
-1.86827
-1.6833
-2.46784
-1.67992
-1.66445
-2.20766
-2.19767
-2.24276
-1.7641
-2.5614
-1.41672
-2.01971
-0.696228
-1.56236
-2.16582
-1.69442
-0.663848
-2.26487
-2.03459
-1.13407
-0.864089
-2.21427
-2.31694
-1.0064
-1.01055
-1.59827
-2.18721
-1.84515
-1.27504
-1.44173
-2.60496
-1.38595
-1.48048
-1.58264
-1.3894
-0.976697
-1.57145
-1.86469
-2.525
-1.96737
-0.964103
-2.05895
-2.57586
-1.62349
-1.5757
-1.87699
-2.1982
-1.95627
-1.33546
-1.62739
-2.27587
-1.7221
-0.792273
-2.45774
-2.0755
-2.39692
-1.39109
-2.2367
-1.27462
-1.39652
-1.57636
-1.43067
-3.18058
-2.17494
-0.583355
-2.26053
-3.2441
-1.6578
-2.06539
-2.9676
-0.888799
-0.934134
-1.19025
-0.54314
-1.69257
-0.477336
-1.01106
-0.532547
-0.710476
-1.70502
-1.68216
-1.32625
-1.3646
-1.23631
-1.53535
-1.41665
-0.701276
-1.38498
-2.01151
-1.77536
-0.760131
-2.08219
-1.24754
-2.37217
-1.05347
-1.5093
-2.3858
-1.24913
-0.437171
-1.46524
-1.25521
-1.71794
-0.933017
-2.04353
-1.29287
-2.24871
-1.66931
-2.10254
-1.49844
-1.979
-1.00865
-2.0667
-2.79749
-1.82396
-1.31057
-2.52382
-1.1286
-1.84313
-1.38729
-1.54166
-1.64809
-2.10276
-1.6475
-1.44665
-2.23214
-1.18614
-1.67333
-2.6858
-1.4727
-1.75414
-1.41524
-1.3768
-1.07483
-2.76261
-1.7041
-0.982029
-1.06731
-1.62647
-0.844421
-1.46408
-1.78491
-2.18023
-1.44296
-1.21191
-1.31082
-1.29923
-1.31917
-1.71239
-1.66386
-1.41827
-1.2999
-1.8658
-0.872087
-2.22953
-0.917684
-1.98482
-2.0893
-1.33424
-1.06862
-1.1834
-1.18086
-1.35837
-1.06424
-2.15816
-0.978434
-2.34385
-1.71044
-1.86924
-1.77512
-2.40332
-0.726643
-2.10815
-2.19671
-1.59647
-1.89936
-2.08971
-1.02796
-2.43022
-1.50807
-1.51936
-1.76562
-2.09464
-1.16468
-1.55389
-2.25205
-1.27376
-1.24863
-2.06279
-2.33034
-2.24834
-1.12286
-1.48479
-1.1488
-1.82271
-1.41866
-1.86355
-1.34542
-0.842887
-0.439512
-2.13299
-1.30417
-1.39932
-1.85439
-1.89225
-1.4773
-1.17945
-1.19374
-1.54318
-2.32251
-1.77265
-0.960216
-1.57903
-1.35502
-2.10712
-0.588013
-1.89335
-1.97232
-1.89877
-0.712532
-1.3548
-1.83978
-1.13643
-0.970827
-1.7151
-1.13057
-2.49566
-1.50763
-2.03923
-1.78381
-2.16618
-0.896619
-2.59817
-1.97545
-1.6948
-1.35659
-1.92214
-1.68139
-2.07434
-1.37731
-2.02035
-1.83705
-1.95062
-1.30646
-1.45974
-1.76173
-1.4693
-1.37188
-2.21385
-1.9852
-1.60138
-2.08
-1.98959
-0.942443
-2.01935
-1.57109
-0.919663
-1.13148
-1.74176
-0.826732
-1.4058
-0.904188
-2.11808
-1.25769
-1.19713
-1.77251
-1.95222
-1.2683
-1.52012
-2.11136
-1.66931
-1.50551
-1.9287
-0.946553
-1.70714
-0.730257
-1.61656
-2.14513
-1.92035
-2.03235
-2.71255
-0.578364
-1.72473
-0.404763
-1.31418
-2.27975
-1.59376
-1.7525
-1.4738
-2.04182
-1.58105
-2.3704
-1.90505
-1.42296
-1.90343
-2.69387
-1.89903
-2.31366
-2.75375
-1.14143
-2.4801
-2.68888
-1.26315
-2.51347
-2.46927
-1.84207
-1.4474
-2.7642
-1.52206
-1.51975
-2.22433
-1.28986
-2.20799
-1.56478
-1.06812
-1.94665
-2.28035
-1.51758
-1.26562
-2.31293
-1.40884
-1.13657
-2.78092
-1.49595
-1.41736
-2.82447
-1.36135
-1.75857
-2.3261
-1.77512
-1.7066
-2.32448
-2.1724
-1.28743
-1.94482
-1.25601
-1.42638
-2.37965
-1.57126
-1.93901
-2.44795
-2.14136
-1.25995
-3.0602
-1.88953
-2.45426
-2.37616
-2.08163
-2.10302
-1.95672
-1.13737
-2.65829
-2.65261
-1.60552
-1.75266
-2.47707
-2.0417
-1.81797
-2.13667
-1.88297
-2.4236
-2.22842
-1.75036
-2.55541
-2.57729
-2.11487
-1.51734
-2.46287
-1.48206
-1.74152
-1.86685
-1.35338
-2.28647
-1.75848
-1.08976
-1.27643
-2.36293
-1.87215
-1.41929
-2.39035
-1.17567
-1.23462
-2.32382
-1.80441
-1.99079
-1.92612
-0.759227
-2.55691
-2.7163
-1.55828
-1.05271
-2.301
-2.38231
-1.52479
-1.97834
-1.27124
-1.71457
-2.20148
-1.29086
-2.2058
-2.71483
-1.61229
-1.21863
-2.99076
-1.72394
-2.1828
-1.97108
-2.76077
-2.7362
-1.89188
-1.22102
-1.94067
-1.81878
-2.15428
-2.6025
-2.74084
-2.00206
-1.62391
-2.28802
-1.4034
-1.76694
-3.06556
-1.63204
-2.16921
-3.11572
-2.24327
-1.68567
-2.71732
-1.6712
-1.47537
-1.90299
-1.65758
-1.97825
-1.92667
-1.18398
-1.56436
-2.47784
-1.15179
-1.56731
-2.69909
-1.30694
-1.21011
-2.16601
-1.82818
-1.6102
-2.14243
-1.47515
-1.63456
-2.20537
-2.39624
-1.43327
-2.06901
-1.78399
-1.51283
-2.21122
-1.50441
-1.82034
-2.12013
-1.65495
-2.02595
-2.52232
-1.89958
-1.52449
-2.40034
-1.74811
-2.12438
-1.92034
-2.54261
-2.31907
-2.58889
-1.83904
-1.85433
-1.77356
-1.34466
-1.67927
-3.22266
-2.69527
-1.89626
-2.1532
-1.20443
-1.85296
-2.60305
-0.970635
-2.9229
-3.03792
-1.84452
-2.2914
-2.70593
-1.34572
-2.41518
-1.56715
-1.14881
-1.3724
-0.611362
-0.770443
-0.378371
-0.306384
-0.229635
-1.33757
-1.11827
-0.6006
-1.67046
-1.88888
-2.17839
-1.78126
-1.04546
-0.788937
-2.27984
-1.33069
-1.39729
-2.19409
-2.52371
-1.43764
-1.76672
-1.98158
-1.23706
-2.12559
-1.69151
-0.985223
-1.82491
-0.879524
-0.910592
-1.84509
-2.02518
-0.744436
-2.03948
-1.70723
-2.58011
-1.99817
-1.72792
-1.46636
-2.11777
-1.51979
-2.01257
-2.06278
-2.36975
-1.24726
-1.59779
-2.22202
-2.0011
-1.59668
-2.26354
-1.73289
-2.54057
-1.49316
-2.12385
-2.06698
-2.13626
-1.25379
-2.19327
-1.62024
-2.10239
-1.66431
-1.08377
-2.22278
-3.07633
-0.61937
-1.08842
-1.67823
-1.47719
-0.756071
-1.73352
-1.38325
-1.47783
-2.11107
-1.71205
-1.32465
-2.26939
-0.647405
-1.5962
-2.67857
-1.60687
-0.894885
-2.55084
-2.14207
-1.46369
-1.86308
-1.74334
-1.69215
-1.77832
-0.365206
-0.882089
-2.02798
-1.71811
-0.869318
-2.02805
-1.74969
-2.45281
-1.65024
-2.10561
-1.83766
-2.3263
-1.24034
-1.75416
-2.37814
-2.05505
-1.13707
-1.96706
-1.61722
-1.73268
-2.18454
-2.00053
-1.75389
-3.09858
-0.684005
-1.62574
-2.72992
-2.16966
-1.7022
-2.73603
-1.26287
-1.70078
-1.8181
-1.34264
-1.79067
-2.79363
-0.780439
-1.14589
-1.77985
-1.57994
-0.923946
-1.85231
-1.27528
-1.60299
-1.58409
-1.00166
-1.61065
-2.93261
-1.1756
-1.56725
-2.03317
-1.78742
-1.47684
-1.59717
-1.68206
-2.14669
-2.10611
-1.87562
-1.47047
-1.75191
-1.10666
-0.845916
-1.65036
-1.66456
-1.17229
-1.57139
-1.86021
-2.39429
-1.62697
-2.00819
-1.48648
-2.70675
-1.53205
-2.00135
-2.05221
-1.84351
-1.38137
-1.72051
-1.50299
-2.16381
-1.64238
-1.73848
-2.26698
-2.73196
-0.709705
-2.1527
-1.92724
-1.65298
-2.28704
-2.78002
-1.68411
-2.3213
-1.44387
-0.98426
-1.85161
-3.07951
-0.225798
-0.911995
-1.98194
-1.6513
-1.07859
-1.85208
-1.38205
-1.64696
-1.35294
-1.15886
-1.17615
-2.25974
-1.48326
-2.24496
-2.57499
-1.74901
-0.782699
-1.77761
-2.16907
-1.23223
-1.58795
-2.88809
-2.62208
-2.30177
-1.86042
-1.37184
-1.90775
-2.19967
-0.383815
-1.01689
-1.09426
-1.73984
-1.81202
-0.851038
-1.18608
-2.08924
-1.73145
-1.46206
-1.88959
-2.70493
-1.57652
-1.74356
-2.34609
-1.28722
-1.78722
-1.73982
-0.874515
-3.37585
-2.74654
-1.9056
-1.14811
-2.28459
-2.10183
-1.95266
-1.64418
-1.91468
-1.87594
-2.19214
-1.36603
-2.2495
-1.8996
-1.62693
-1.55866
-1.84108
-1.1302
-1.25317
-1.90783
-1.82888
-1.84476
-1.6064
-1.11042
-2.09459
-2.65815
-1.89569
-1.10493
-2.1188
-1.51945
-1.7144
-1.59352
-1.36336
-1.4516
-1.58876
-0.978919
-2.57754
-2.44349
-1.86606
-1.39457
-2.88223
-1.50723
-1.97907
-1.9756
-2.23666
-2.64013
-1.53397
-1.03033
-2.10102
-1.78126
-1.02009
-2.07483
-2.49674
-1.78909
-2.21512
-1.80787
-1.24783
-2.10906
-1.88097
-1.12038
-2.37688
-2.05867
-2.49167
-2.18679
-2.43112
-1.09351
-1.6301
-2.31041
-1.71995
-1.93567
-1.94816
-0.790246
-2.72279
-2.51577
-1.60796
-1.42811
-2.42898
-1.22789
-1.06416
-2.11273
-1.96693
-1.34493
-1.68705
-1.31661
-1.94471
-2.11026
-1.55555
-1.83796
-2.24046
-1.41101
-1.76818
-1.40136
-1.6469
-1.45343
-1.68543
-1.32573
-2.2932
-1.92994
-1.8008
-1.68292
-2.57111
-1.60394
-2.38476
-1.52408
-2.27763
-2.47635
-1.56594
-1.69863
-2.32546
-1.37701
-0.987333
-2.03668
-2.09813
-2.00212
-1.99537
-2.10531
-1.78432
-1.58856
-1.91028
-1.3333
-2.55423
-2.18487
-1.50417
-1.4446
-2.98783
-2.13705
-1.8488
-1.34792
-1.58624
-2.56615
-1.75556
-0.728263
-2.38557
-1.85296
-1.99544
-1.98647
-2.3882
-1.08386
-1.58713
-2.21089
-1.70605
-1.44556
-1.77809
-0.650652
-2.13023
-2.30902
-1.40442
-1.36935
-1.91486
-2.22069
-1.84196
-1.33802
-1.64343
-1.34956
-1.96152
-1.43278
-2.37036
-2.28153
-1.36703
-1.03348
-2.4661
-1.87896
-2.14355
-1.68953
-2.72793
-2.0239
-1.5647
-1.58604
-2.2818
-1.9687
-1.25245
-1.61188
-2.10523
-2.03995
-1.51231
-2.26967
-1.58344
-1.79027
-2.36689
-0.753651
-2.53157
-2.48487
-1.27293
-2.33693
-2.54414
-1.59815
-3.11418
-2.89855
-0.94785
-1.35958
-0.571607
-2.34868
-1.96597
-1.82786
-0.401818
-0.60132
-1.83219
-0.695261
-1.77093
-1.7712
-1.98274
-0.937604
-1.86724
-1.00649
-2.00705
-1.23683
-1.52364
-1.89477
-2.38641
-0.895753
-1.24154
-2.54509
-1.16039
-1.45033
-2.2326
-1.25667
-1.70924
-0.992436
-0.959278
-1.58028
-1.96493
-0.659693
-1.9138
-2.56704
-2.03019
-1.30024
-2.89656
-2.00692
-1.47092
-1.74013
-2.43563
-1.77167
-2.98289
-1.45914
-1.04628
-2.41469
-1.59947
-1.1602
-2.1154
-1.84485
-1.92336
-1.28518
-1.86245
-1.60339
-2.2896
-1.32377
-2.3543
-2.37296
-1.6471
-1.19511
-1.63243
-1.66927
-2.84318
-0.896194
-1.17702
-1.19037
-1.5368
-0.590204
-1.55103
-1.7104
-1.87355
-0.729558
-2.20783
-1.12529
-1.94708
-1.30922
-1.89275
-1.82485
-2.06414
-0.828483
-1.62855
-2.33177
-1.14048
-1.36149
-2.28459
-1.55559
-1.24581
-1.08861
-1.40161
-1.43273
-2.0974
-0.818604
-1.18559
-2.2588
-2.53367
-1.37901
-2.26939
-1.62372
-2.30072
-2.23476
-1.70179
-1.71989
-2.87079
-1.01234
-1.84781
-2.53477
-1.50178
-1.29658
-2.20536
-1.88617
-1.80716
-1.30855
-1.5498
-1.68684
-2.2283
-1.49372
-2.13835
-2.08469
-2.19058
-1.39152
-1.59989
-1.75845
-2.25934
-0.708925
-1.52062
-1.239
-1.93573
-0.659997
-1.05733
-1.8885
-1.65156
-0.674737
-2.14745
-1.01092
-2.28624
-1.405
-1.83706
-1.81217
-2.45277
-0.735738
-1.33277
-2.299
-1.52721
-1.205
-2.27029
-1.47051
-1.30462
-1.42214
-0.916026
-1.55262
-2.4899
-0.664006
-1.31396
-2.51485
-1.77868
-1.1422
-2.77181
-1.79838
-1.72412
-1.84252
-2.52341
-2.21143
-2.14565
-1.02317
-1.79261
-2.16131
-2.26663
-1.39347
-2.10466
-1.93345
-1.86126
-1.28054
-1.44245
-1.63534
-1.9723
-1.49372
-2.07438
-2.17768
-1.96384
-1.10888
-2.13362
-2.03075
-2.20323
-0.794768
-0.968852
-1.06956
-2.3603
-0.690885
-1.5077
-1.87986
-1.16504
-0.837951
-1.93029
-0.955089
-2.22408
-1.21699
-2.20279
-1.89538
-2.382
-0.828483
-1.68844
-2.22365
-1.24856
-1.38231
-2.50027
-2.24112
-2.21319
-2.00808
-0.31149
-1.7244
-1.59324
-1.18079
-1.79152
-2.45414
-1.49896
-2.74459
-1.45775
-1.63487
-1.70778
-2.66396
-1.05155
-2.73664
-2.70294
-2.07184
-1.65903
-2.42158
-1.1063
-1.85538
-2.32464
-1.35728
-2.25629
-2.89651
-1.67081
-2.10549
-2.24868
-2.49233
-1.58229
-2.24431
-1.13663
-2.27899
-1.62541
-1.98946
-1.59361
-2.79821
-1.2706
-1.61152
-2.23729
-2.02661
-0.976273
-3.05581
-1.50056
-2.41118
-2.12937
-1.63118
-1.8718
-2.86366
-1.5162
-1.37614
-2.16545
-2.29195
-1.42802
-1.81096
-1.44085
-1.50391
-2.57362
-1.53343
-2.1429
-3.07208
-1.54781
-1.46591
-2.62275
-1.85467
-1.54069
-2.68909
-2.07438
-2.41228
-1.75165
-2.31199
-2.22666
-1.90918
-0.965461
-2.64552
-2.25033
-2.86524
-1.78831
-2.33719
-1.23475
-1.91604
-2.38704
-1.24481
-2.27897
-2.59275
-1.752
-2.04642
-2.43482
-2.27479
-1.29627
-2.75516
-1.33903
-2.22802
-1.72957
-1.42077
-1.41995
-3.11248
-1.3044
-2.01464
-2.3295
-1.57413
-1.14797
-2.88845
-1.44737
-2.23753
-2.05212
-1.98014
-1.92788
-2.80383
-1.52851
-1.6688
-2.10177
-2.04468
-1.41039
-2.13046
-1.2923
-1.51844
-2.47632
-1.54989
-2.45609
-2.59571
-1.65724
-1.86059
-2.42828
-1.96373
-1.8104
-1.97086
-1.8267
-2.94012
-1.96043
-1.70625
-1.81268
-2.75687
-1.5137
-1.89037
-2.29621
-2.82451
-1.39688
-3.09816
-1.34542
-1.83655
-2.41236
-1.30425
-2.26743
-2.4945
-1.7075
-1.76726
-2.43482
-2.20209
-1.3853
-2.54774
-1.05787
-2.76084
-2.01625
-1.3775
-1.50076
-2.60463
-1.13264
-2.3519
-2.34083
-2.00087
-1.13312
-2.4425
-1.606
-2.0539
-1.97452
-1.90576
-1.7595
-3.13401
-1.59345
-1.63005
-2.16545
-2.36248
-1.34503
-1.88251
-1.21115
-1.85633
-2.28342
-1.58437
-2.34964
-2.60074
-1.97675
-1.391
-2.57309
-2.42757
-1.65004
-2.09419
-2.00663
-2.17418
-1.6238
-2.2169
-1.94203
-2.15433
-1.09993
-2.74004
-2.8046
-2.07744
-1.321
-3.01543
-0.895233
-2.63632
-2.51346
-1.23792
-2.3653
-2.55373
-1.83785
-1.42321
-2.65585
-1.17819
-2.31442
-1.57256
-0.28346
-1.59054
-0.48316
-1.70107
-1.48044
-1.38326
-1.21982
-1.19937
-1.39451
-1.6377
-1.6802
-1.33391
-1.95095
-1.94227
-0.907193
-1.30949
-2.11673
-1.58426
-1.78812
-2.66743
-1.86383
-2.05383
-1.40119
-2.43314
-2.12774
-2.50646
-1.47159
-1.11884
-1.4606
-2.17889
-1.24551
-2.11683
-1.53945
-1.9323
-1.82255
-2.19012
-2.69135
-2.37857
-2.3403
-2.58324
-2.54113
-2.50458
-1.74107
-2.42053
-2.01524
-2.39767
-0.957187
-2.08334
-2.20074
-2.2435
-1.91152
-1.77741
-2.5811
-1.82039
-1.64898
-2.17154
-1.75641
-2.15268
-1.57245
-1.38683
-2.02053
-3.01681
-1.48384
-1.91594
-2.25383
-1.2864
-1.18951
-1.33078
-1.87456
-1.78179
-1.35545
-1.19478
-2.10671
-2.00428
-1.05546
-1.24136
-1.86549
-1.7739
-2.00194
-1.94965
-1.79195
-2.45389
-1.46023
-1.9473
-1.6858
-3.02218
-2.22323
-1.47008
-1.30003
-1.33856
-0.975803
-2.33429
-1.79705
-2.24141
-1.18044
-2.03858
-2.98595
-2.82574
-1.8026
-1.90077
-2.62603
-2.92616
-2.62241
-2.40052
-1.75983
-2.48667
-1.12347
-2.06639
-1.89806
-2.51566
-1.80806
-1.92449
-2.36797
-1.35228
-2.07138
-2.0557
-1.51887
-2.72078
-1.94449
-1.41991
-1.79774
-2.05951
-0.921132
-2.66561
-2.95191
-1.162
-0.83206
-1.4562
-1.51586
-1.63215
-1.82333
-1.35405
-1.89605
-1.85691
-1.37788
-1.19309
-2.04641
-1.7188
-1.67708
-2.23036
-2.03242
-1.81261
-1.3587
-2.28985
-1.70516
-2.47005
-1.84595
-1.97974
-2.06253
-1.71758
-0.820365
-1.54116
-1.65288
-2.49454
-1.45361
-2.28905
-2.17468
-2.50551
-2.08186
-2.18199
-2.21672
-2.21277
-2.75999
-2.89738
-2.61384
-2.37126
-0.875913
-2.07672
-2.09474
-2.49611
-1.49627
-2.28364
-2.32877
-1.56963
-1.98462
-1.67942
-2.02536
-2.63243
-1.6862
-2.05272
-2.16629
-2.08481
-0.760938
-1.63111
-2.42219
-1.96767
-1.59543
-1.40357
-1.07979
-1.73959
-1.42991
-1.27116
-2.26804
-2.0811
-1.08133
-1.06764
-2.28043
-1.78099
-1.86871
-2.15008
-1.8017
-1.99806
-1.62303
-1.62012
-1.282
-2.28537
-2.52311
-2.56664
-2.07504
-2.00627
-0.386884
-1.81851
-2.03893
-1.04142
-1.00282
-2.24248
-2.52555
-1.84825
-0.936992
-1.46667
-2.3232
-1.60609
-0.674057
-2.99696
-2.67141
-1.49598
-1.70609
-2.57312
-1.03677
-1.97876
-1.25991
-1.19898
-2.63635
-2.3208
-0.778277
-1.67634
-2.5107
-1.44055
-1.29219
-2.09268
-1.45326
-2.01954
-0.757845
-1.11375
-2.08462
-1.6271
-0.82838
-1.7618
-2.41913
-0.935438
-0.421194
-3.20786
-2.40526
-1.37864
-1.34252
-1.25253
-2.65828
-1.53455
-1.51826
-1.70742
-2.36187
-1.43204
-1.0849
-1.46085
-1.72151
-1.03486
-1.2977
-1.93559
-2.42525
-2.1268
-1.11961
-2.37024
-2.64875
-1.38257
-1.41734
-1.98378
-2.18885
-2.75841
-1.70129
-1.84579
-2.14871
-1.13076
-0.644779
-2.51694
-2.2336
-2.37814
-1.60279
-2.2675
-1.8102
-1.77326
-1.11844
-1.87641
-2.5668
-1.6901
-1.20728
-2.31106
-1.97683
-0.988499
-1.2937
-2.10343
-1.7361
-1.76776
-0.867712
-1.59343
-1.86979
-1.58751
-0.868708
-1.74341
-2.20413
-0.988998
-0.963098
-2.30652
-1.7308
-2.01079
-1.72635
-1.46283
-2.31492
-1.76
-1.39048
-1.2533
-2.54462
-1.55473
-1.39613
-1.84698
-1.69044
-0.810055
-1.43625
-1.57562
-2.53841
-2.16386
-0.871718
-1.85418
-2.46407
-2.2124
-1.69213
-1.86908
-2.29165
-1.97266
-0.932892
-2.52248
-3.00186
-1.42211
-0.499419
-1.97168
-2.2719
-1.94277
-1.17938
-3.1197
-1.65852
-1.3579
-1.84299
-1.59361
-2.37421
-2.33217
-1.00356
-1.74477
-2.30098
-1.76872
-0.701093
-1.78831
-1.77547
-1.86286
-1.10916
-1.40896
-1.89654
-1.99548
-0.612101
-1.625
-2.16349
-0.950965
-0.820248
-2.37517
-2.30169
-1.08471
-0.976417
-2.11093
-2.71862
-1.93027
-1.15339
-1.42208
-2.38564
-1.20599
-1.481
-1.94685
-1.86795
-1.13988
-1.39463
-1.36502
-2.74927
-1.88072
-1.11599
-1.91076
-2.24989
-1.69967
-1.37783
-2.65332
-2.48839
-1.8726
-0.946954
-1.71435
-2.22957
-2.11252
-1.43782
-2.3424
-2.12038
-1.49218
-1.18626
-2.69901
-1.2253
-2.2843
-1.75934
-1.24904
-3.12226
-2.13791
-0.548393
-2.80019
-2.42019
-1.43447
-2.30324
-2.50558
-0.72443
-1.23613
-2.80355
-1.17569
