1.2236
2.17955
1.51583
1.79328
1.30259
1.00152
1.00238
1.00096
0.996952
1.00047
1.00285
1.00058
0.99968
1.0032
0.995586
1.05891
1.00398
1.13861
1.53126
1.06596
1.0024
1.24888
1.19812
1.28405
1.26671
1.3945
1.34672
1.34362
1.00311
1.02695
1.24024
0.999865
1.31387
1.38566
1.42612
1.0435
1.00311
0.998709
1.14509
1.48722
1.5229
1.2235
1.14082
1.31656
1.13003
1.33319
1.00425
1.19945
1.28786
1.34521
1.56494
1.21763
1.56438
1.46711
1.35969
1.33697
0.998201
0.997594
1.54914
1.23144
1.30383
1.16866
1.11704
0.997897
1.70638
1.02868
1.00399
1.49025
1.21297
0.99914
1.00166
1.00476
1.31589
1.32919
0.999616
1.46199
1.52557
1.47097
1.27963
0.997933
1.19208
1.16536
1.39107
1.37911
1.50296
1.00495
1.08349
1.42414
1.22843
1.44471
1.33384
1.47356
1.25443
1.22562
1.55412
1.11151
1.34098
1.16296
1.12163
0.99944
1.0308
0.996083
1.34755
0.996542
1.00135
1.47806
1.45469
1.11529
1.11556
1.20077
1.19477
1.25039
1.15434
1.30541
1.12473
0.997296
1.00194
1.282
1.11715
1.16154
1.18341
1.08669
1.15148
1.21795
1.48221
1.26587
1.15669
1.34182
0.996606
1.28769
1.32256
1.65701
1.49489
0.999235
1.17195
1.56697
1.30618
1.12258
1.33125
1.54569
1.42006
0.996446
1.41469
1.59005
1.25426
1.44845
1.40096
1.59478
1.16998
1.19217
1.53171
1.40534
1.55428
0.997467
1.16634
1.00129
1.53829
1.37681
1.20417
1.52562
1.43505
1.08374
1.25232
1.09944
1.36365
1.21017
1.23071
1.30121
1.291
1.41345
1.004
0.997805
0.99758
1.00264
1.00244
1.11716
1.40737
1.57268
1.4634
1.18411
1.25763
1.06294
1.07117
1.19005
1.29768
1.18833
1.40878
1.61831
1.4175
1.36933
1.20381
1.1986
1.55578
1.00309
0.998248
1.02923
0.996794
1.03643
1.00156
1.4928
1.62633
1.53733
1.39229
1.34539
1.03246
-1.00075
-0.998694
-0.997751
-0.996039
-0.996269
1.81614
2.30203
1.01696
2.1684
1.76143
1.30204
1.07382
1.00063
1.00097
0.996189
1.21689
1.01961
2.19118
2.5123
2.1141
2.56441
2.05541
1.64255
1.47523
1.27479
1.58737
1.43376
0.997672
1.11389
1.14614
1.23637
1.11191
0.997228
0.996789
1.09516
1.12373
1.2171
1.14603
1.2602
1.229
0.999338
0.9991
1.39822
1.31882
1.01443
1.15097
1.14671
1.181
1.19068
1.06956
0.999682
1.12115
1.00074
1.23519
1.32019
0.997548
1.21404
1.22367
1.13348
1.17568
1.32291
1.22799
1.44648
1.10093
1.0031
1.26174
1.39114
1.62062
1.33636
1.03279
0.999904
0.99778
1.00159
1.03254
1.65328
1.41179
1.04625
1.0418
1.33602
1.1504
0.99859
1.17734
1.4175
1.22982
1.53663
1.54294
1.06219
1.29353
1.34694
1.59697
1.16751
1.25508
1.38904
1.00811
1.37885
1.8312
1.58954
1.41072
1.14075
1.24041
0.996435
1.1483
1.31589
1.09413
1.00329
1.20841
0.996429
1.50301
1.45836
1.33103
1.58065
1.10807
1.21266
1.00215
1.08957
1.00324
1.1148
1.11036
1.30335
1.343
0.997176
1.03013
0.996063
1.23154
1.47664
1.27866
1.40341
1.09031
1.36369
1.16478
1.50918
0.99853
1.47401
1.64959
1.34421
1.02886
1.431
1.28695
1.33216
1.276
1.09483
1.84264
1.14687
0.998946
1.42934
1.05743
0.999209
1.33199
1.36622
1.01355
1.81995
1.41019
1.00125
1.02517
1.21899
0.998519
1.00255
1.09222
1.15254
1.19263
1.43263
1.2238
1.24092
1.51825
1.25089
1.08064
1.00889
1.1362
1.3648
0.999092
1.23984
1.15885
1.06824
1.28769
1.20533
1.37579
1.32035
1.19953
1.25327
1.0542
1.22842
1.05463
1.20599
1.01857
1.11259
1.21259
1.45744
1.25386
1.36469
1.27584
1.40429
1.21529
1.37642
1.40784
1.43276
1.17478
1.11973
1.53451
1.24974
1.09031
1.36963
1.15728
0.996167
1.18634
1.54853
1.50488
1.00246
1.28133
1.00188
0.997379
-1.00116
-0.998182
-0.998359
-0.99935
-0.997941
1.69037
1.69274
1.87149
2.2038
1.07305
1.58606
1.13787
1.60637
1.62152
1.58969
1.74594
1.74381
2.42442
1.93197
1.60154
1.98454
1.68389
1.40752
1.3932
1.23715
1.29603
1.34413
1.48055
1.61017
1.14492
1.20615
1.48159
1.51969
1.00073
1.31249
1.13593
1.22628
0.999079
1.59501
1.17341
1.27264
1.14082
1.19695
1.00199
1.14681
1.23062
1.07434
1.02699
1.25498
1.62361
1.28314
1.50276
1.14095
1.36797
1.44973
1.43716
1.03948
1.00141
1.00194
1.05844
1
1.16802
1.21075
0.998102
0.996751
1.609
1.31369
1.00031
0.996955
1.31789
1.28293
1.2307
1.00265
1.08158
1.12741
0.999029
1.06983
1.06454
1.1756
1.00235
1.29538
0.998416
1.39409
1.46329
1.27254
1.21123
1.24862
1.37432
1.00782
1.00103
1.25745
1.52122
1.25336
1.36466
1.36983
1.34993
1.29204
1.32509
1.30588
0.997289
1.19922
1.16198
1.3441
1.53243
1.47099
1.6245
1.45229
1.52717
1.14837
1.61378
1.38864
1.24351
1.22505
1.00179
1.3986
1.67548
0.998783
1.19451
1.12988
1.03437
1.5647
1.24004
1.50705
1.40512
1.50384
1.87995
1.07279
1.37304
1.46067
1.00327
1.36183
1.28673
1.24845
1.13031
1.21791
1.13087
1.52447
1.59238
1.35639
1.10473
1.59212
1.35555
1.15022
1.02151
1.00385
1.31122
1.23541
1.35992
1.43152
1.05257
1.22183
1.3178
0.996912
1.21287
1.28781
1.40027
1.21981
1.1774
1.49602
1.59564
1.24373
1.54028
1.55686
1.62726
1.15769
1.41604
1.61234
1.05329
1.51616
1.34773
0.99879
1.08639
1.13427
0.997594
1.00392
1.47008
1.52699
1.18835
1.34443
1.16369
1.33376
1.11572
1.38931
1.33743
1.44567
1.32447
1.65828
1.22827
1.17743
0.999647
1.03202
1.05047
1.74584
1.25328
1.22024
1.42903
1.51179
1.38853
1.26536
0.998805
0.999012
1.44064
1.17403
1.43885
1.35221
1.10319
1.18608
0.997419
1.18276
0.99957
-0.995272
-0.997339
-0.997937
-1.00291
-1.00038
0.996316
0.99981
1.81934
1.41555
1.54188
1.1309
1.54275
1.81416
1.88642
1.285
1.12787
1.09775
1.63432
1.07581
1.52929
1.17642
1.06547
0.999215
1.00214
1.17338
1.31186
1.27521
1.24972
1.19874
1.27379
1.30212
1.56611
1.25435
1.33341
1.21315
0.998528
0.997296
1.4178
1.46912
1.31788
1.43853
1.38811
1.16225
1.13511
0.997451
1.26156
1.2193
0.99749
1.26272
1.35023
1.48972
0.998041
1.27918
1.37171
1.27278
0.996713
1.39799
0.998465
1.66069
1.28122
1.15695
1.16914
1.00027
1.43491
1.20861
1.15446
1.32851
1.45661
1.27299
0.997936
1.42297
1.2754
1.44974
1.2672
1.4464
1.00518
1.17567
1.00272
1.75339
0.998225
1.00406
1.04182
1.22316
1.05924
1.50626
1.58718
1.41187
1.00067
1.45081
1.41872
1.13947
1.01329
1.25359
1.18192
1.27714
1.12558
1.50918
0.996537
1.1385
1.32969
1.24971
1.26579
1.34908
1.21434
1.0625
1.00223
1.00042
1.25004
0.996411
1.09347
0.998692
1.01001
1.31523
1.20797
1.46825
1.15617
1.10223
0.997905
1.42971
1.4427
1.21506
1.34086
1.53561
1.39661
1.33577
1.03049
1.22372
1.57345
1.23457
1.14321
0.997396
0.999465
1.43409
1.17383
1.28783
1.38344
1.08343
1.08421
1.01468
1.06502
1.35685
1.13159
1.33962
1.71513
1.11598
1.22726
1.14273
1.04669
1.22937
1.31589
1.00382
1.33808
1.5916
1.25718
0.998347
1.20409
0.998537
1.30697
1.21712
0.999096
1.20513
1.2844
0.999783
1.3518
1.14167
1.40584
1.18691
1.18832
0.99652
1.4575
1.48798
1.54046
1.16694
1.00159
0.996955
1.38388
1.49541
1.34795
1.19163
1.45895
1.18973
1.50666
1.29575
1.36385
1.09451
1.01759
1.35229
1.32525
1.25785
1.44631
1.09502
1.16209
1.38971
1.24037
1.47275
0.9957
1.26617
0.998309
1.01363
1.26291
0.999555
1.07944
1.42072
1.00026
1.40429
1.11071
1.11902
1.13626
1.39059
1.08468
-0.999426
-1.07934
-0.99964
-0.996664
-0.997474
1.00163
0.997992
1.00245
2.02747
0.998617
1.00111
1.80039
1.94819
1.92034
1.38512
1.92568
1.94884
1.90105
2.14583
1.73082
1.27924
1.00352
1.00229
0.996495
1.41487
1.19885
1.40163
1.22312
1.45761
1.23024
0.999657
0.997
1.69394
1.1875
1.20456
1.29939
1.63861
1.24386
1.43298
0.997855
0.997949
1.3027
1.21134
1.00141
0.997711
1.00321
1.21054
1.20084
1.08207
0.998724
1.41545
1.20547
1.24587
0.997082
1.35089
0.997731
1.37678
1.51458
1.28505
1.20194
0.999033
1.00272
1.45365
1.49158
1.22803
1.55196
1.36535
1.58718
1.30086
1.19305
1.33094
1.44929
1.58997
1.11309
1.18557
1.10438
1.24317
1.3125
1.38062
1.34708
1.07414
1.20088
1.24377
1.26588
1.02892
1.27218
1.12326
0.997368
1.01532
1.1003
1.27938
1.00122
1.0716
1.00298
1.02571
1.02028
1.21919
1.36293
1.30489
0.997608
1.16
0.998067
1.03965
1.56029
0.998256
1.39139
1.10918
1.00194
1.00293
1.00167
1.49721
1.0369
0.999887
1.52464
1.16984
1.27872
1.48552
1.45635
1.1555
1.17777
1.367
1.56487
1.18512
1.45177
1.02388
1.51291
1.39427
1.18788
1.00142
1.00246
1.59372
1.44161
1.00296
1.40087
1.40884
1.10829
1.15461
1.82569
1.00075
1.28571
1.35183
1.30008
1.50847
1.09275
1.25864
1.44997
1.22473
1.10643
1.15305
0.997744
1.28221
1.32675
1.04045
1.3237
1.0596
1.08458
1.3052
1.08705
1.19781
1.45581
1.26081
1.03445
1.3005
1.17809
1.22625
1.2394
1.30913
1.3825
1.21164
1.10069
0.998817
1.07794
1.21647
1.32315
0.996208
1.22654
1.56435
0.996227
1.06099
1.08358
1.00278
1.04678
1.00233
0.999145
1.15439
1.10595
1.03084
1.43013
1.01578
1.06403
1.06346
1.1785
1.56673
1.20146
1.34646
1.26182
1.00493
1.00369
1.24028
0.99846
0.996336
1.21268
1.06123
1.15312
1.26281
1.06088
1.32669
1.15771
1.09141
1.12592
-0.998836
-1.03548
-1.00078
-0.996344
-0.99536
1.00187
0.998689
1.38412
1.15051
1.00136
1.95873
1.90927
1.37235
1.37688
1.00035
1.0035
1.0029
1.0582
1.07557
1.60796
1.09398
1.30299
1.08361
1.51176
1.33224
1.00453
1.0026
0.999571
1.383
1.2968
1.11531
1.11042
1.00284
1.39567
1.21244
1.00186
1.00102
1.54366
1.20665
1.64747
1.04127
1.47657
1.07476
1.43646
1.00209
1.47448
1.27318
1.25605
1.04179
1.54945
1.54308
1.43365
1.03613
1.38659
1.05065
1.31691
1.05729
1.4165
1.51717
1.00231
1.00126
1.24957
1.11613
1.00168
1.55919
1.13469
1.36871
1.45308
1.21616
1.4397
1.2018
1.06888
1.45313
1.19506
1.1231
1.63853
1.30894
1.40278
1.26493
1.16529
1.16536
1.33783
1.34035
1.28864
1.3307
1.45596
1.05467
1.00182
1.31735
1.41782
1.38976
1.003
0.997798
1.55789
1.11022
1.11913
1.2256
1.11693
1.59088
1.39024
1.42376
1.00132
1.36835
1.12023
1.12716
1.06135
1.34246
1.04526
1.08979
1.13702
1.28407
1.00378
1.24544
1.29084
1.43805
1.05584
1.2629
1.01445
1.22112
1.37717
1.00331
1.44778
1.66657
1.16422
1.35471
1.08867
1.08227
1.44582
1.15326
1.43218
1.477
1.58405
1.27478
1.053
1.47898
1.58041
1.33638
1.24551
1.50864
0.998898
1.0641
1.23945
1.2141
1.2424
1.26088
1.32203
0.999364
1.34574
1.12167
1.31497
1.25276
1.14996
1.18005
1.03587
1.10452
1.00146
0.998432
1.32385
1.61331
0.996417
1.22792
0.998611
1.06353
1.11985
0.997897
1.14463
1.29616
1.10088
1.5509
1.21206
1.00468
1.24938
1.3786
0.997443
1.40506
1.34692
1.09472
1.16509
0.999724
1.07874
1.06658
0.997634
1.17277
1.18782
0.999712
1.34118
1.23441
1.17962
1.00288
0.996955
1.1315
1.09016
1.40403
1.29204
1.60791
1.29069
1.00153
1.00221
1.28804
1.42468
1.57395
1.55995
1.09306
1.11553
1.00822
1.24758
1.10104
1.39966
1.22164
0.997163
-1.00388
-0.998261
-1.00135
-0.996434
-1.00039
1.00238
1.20947
1.00268
1.56817
2.26634
2.3034
1.51158
2.14413
1.25678
1.50955
1.40505
1.72489
1.59274
1.57193
1.31483
1.43407
1.10709
1.78432
1.12073
1.15503
1.25793
0.998772
1.00031
1.05046
1.38646
1.368
1.44514
1.49705
1.18413
1.50865
1.18523
1.45113
1.28204
1.2807
1.03981
1.05771
1.34915
1.0014
1.21084
1.0351
1.28037
1.19484
1.06951
1.44991
1.30997
1.50152
1.49013
1.04534
1.17096
1.34272
1.01795
0.996206
1.11782
1.13284
1.04251
1.01838
0.997786
1.07141
1.37459
1.44807
1.50597
1.23732
0.998157
1.31535
1.51794
1.01807
1.66615
1.36098
1.48597
1.35825
1.26916
1.19123
1.62327
1.0222
1.37346
1.10553
1.68129
1.36751
1.43548
1.54548
1.15357
1.28268
1.13059
1.00267
1.12531
1.20707
1.20957
1.4175
1.10743
1.61401
1.23914
1.11441
1.28207
1.23967
1.68249
1.0018
1.10553
1.26527
1.10004
1.05599
1.16642
1.72162
1.27891
0.997509
1.39348
1.1078
1.3156
1.5808
1.00226
1.00202
1.22848
1.00265
1.46792
1.10159
1.19449
1.27313
1.54528
1.58522
1.43375
1.15432
1.21202
1.34056
1.11598
1.17363
1.20317
1.03324
1.09539
1.08328
1.19276
1.27595
1.29706
1.00781
1.19283
1.16203
1.2696
1.39235
1.0912
1.03777
1.25186
1.00098
1.21674
0.999431
1.23984
1.09965
1.40981
0.996111
1.50246
1.26101
1.16958
1.07724
1.55593
1.42488
1.15885
1.51266
1.295
1.20445
1.00239
0.997008
1.2931
1.40494
1.2678
1.20399
1.44924
1.38374
1.09609
1.38629
1.35596
1.12569
1.26999
1.27855
1.00333
0.997051
1.15607
0.998291
1.06628
1.2983
1.01901
1.00228
1.04752
1.06741
1.29552
1.42433
1.19446
1.26487
1.30676
1.49344
1.28746
1.27051
1.20073
1.47621
1.24746
1.19509
1.4392
1.68739
0.996486
1.14388
1.29599
1.4301
1.43678
1.18567
1.18687
1.17049
1.45828
0.99626
1.00085
-0.996374
-1.00158
-1.00431
-1.00111
-1.00084
1.66509
1.25953
1.0029
1.37849
1.67748
2.02619
1.00173
1.00049
1.00222
1.00228
1.00094
1.00013
0.998563
1.34882
1.31188
1.56877
0.997392
1.27825
1.39121
1.56087
1.03537
0.996752
1.41365
1.36155
1.6666
0.999362
1.00229
1.16117
1.26406
0.998864
1.26089
1.2103
1.37424
1.45928
1.11916
1.2749
1.34324
1.2055
0.996679
1.49285
1.19556
1.00369
1.06975
1.33552
1.25565
1.44207
1.50747
1.20414
1.31173
1.3877
1.51678
1.57946
1.26225
1.62588
1.28043
1.32609
1.32001
1.38699
0.997818
1.3937
1.00145
1.27385
1.23778
1.21083
1.36427
1.50604
1.01387
1.0186
1.01791
1.23944
1.17379
1.19656
1.14259
1.29817
1.37468
1.13785
0.999539
1.31229
1.19541
1.08145
1.3925
1.22533
1.07574
1.12523
1.30478
1.44733
1.1562
1.05509
1.60704
1.20526
1.15055
1.44502
1.00359
1.04803
1.08818
1.13924
1.41421
1.00316
1.12398
1.10717
1.07165
1.16999
1.53905
1.07949
1.41396
1.04642
1.19922
1.16494
1.32714
1.00243
1.29132
1.60497
1.23761
1.06652
1.39456
1.02512
1.11238
1.46413
1.28402
1.36024
0.995953
1.58528
1.55585
1.13541
1.211
1.27037
1.08712
1.46393
1.49803
1.125
1.48272
1.24268
1.25889
1.43749
1.31839
1.38532
1.69232
1.3622
1.36696
1.09905
0.998058
1.34226
1.22253
1.11133
1.4103
1.25471
1.01841
1.47092
1.60016
1.85047
1.31468
0.996836
1.2895
0.996809
1.36004
1.41158
1.38535
0.998483
1.14662
1.00221
1.22911
1.54471
1.33381
1.52177
1.24961
1.11503
1.36721
1.40781
1.00297
1.00357
1.49506
1.00295
1.22124
1.04707
0.997628
1.1854
1.33722
1.56859
1.27347
1.13081
1.55278
1.03298
1.26054
1.01489
1.53236
1.26055
1.12261
1.04906
1.06759
1.31423
1.16126
0.99977
1.05536
1.00075
1.32032
0.998757
1.2381
1.02663
1.00203
1.04403
1.30641
1.19894
1.09535
1.34861
1.02557
-1.00083
-1.00204
-1.00208
-0.998901
-0.998627
1.19887
1.00038
1.00272
1.00196
2.14589
2.06712
1.84172
1.92879
1.60141
1.64673
1.25696
1.77885
1.71896
1.83992
1.11185
1.49941
1.00067
1.0026
1.00396
1.13844
1.53676
0.99838
1.06863
1.14892
1.01848
1.40603
1.03337
0.997816
0.999934
1.06995
0.999332
1.50096
1.26902
1.03253
1.49778
1.35936
1.46217
1.53805
1.27275
1.15689
1.73966
0.997302
1.00092
1.22602
1.01532
1.57134
1.45072
1.15691
0.996174
1.05829
1.04331
1.32389
1.00234
1.24999
1.28817
1.00073
1.36886
1.27893
1.46808
1.12277
1.25066
1.07609
1.25426
1.17371
1.20155
1.35658
1.21594
1.16993
1.15612
1.04418
1.37944
1.06238
1.31867
1.42086
1.39738
1.16891
1.10771
1.34741
1.19379
1.46869
1.38297
1.24838
1.04081
1.27168
1.00278
1.36988
1.89541
1.36356
1.25757
1.59973
1.10771
0.999319
1.01155
1.03807
1.18572
1.30281
1.45385
1.2689
1.52821
1.4003
1.02914
1.21344
1.21037
1.42213
1.60678
1.20047
1.26108
1.21067
1.23622
1.11015
1.65528
1.3834
1.33872
1.19288
1.13642
1.13449
1.25807
1.19265
1.25016
1.29246
1.43802
1.14049
1.0861
1.13151
1.27235
1.15275
1.05099
1.28498
0.996823
1.00923
0.997636
1.39506
1.00376
1.07464
0.995964
1.14912
1.21889
1.0642
1.00311
1.40102
1.24461
0.998664
1.0191
1.2137
1.29318
1.19233
1.18487
1.08192
1.24071
1.00079
1.30115
1.53008
1.4013
1.11352
1.22617
1.42347
1.65794
1.15825
1.52817
1.56077
1.43973
1.45464
1.0027
1.42591
1.5143
1.41849
1.20904
1.28327
0.9969
0.995594
1.28841
1.06013
1.45752
1.29095
1.15957
1.37956
1.25657
1.10254
1.13526
0.999026
1.24837
1.21778
1.07164
1.1922
1.24979
1.11696
1.38965
1.79015
1.40556
1.31789
1.00089
1.04806
1.32584
1.10191
1.57591
1.13407
1.35291
0.996941
1.00194
1.34328
1.11374
1.2391
1.11666
1.23546
1.00326
-1.00173
-0.998137
-1.00158
-0.997964
-0.997311
1.00393
1.28653
2.01656
1.03833
1.74234
1.15675
0.998406
0.997309
0.997869
1.00351
1.00385
1.00457
1.46626
1.18338
1.0412
1.09121
1.07532
1.48053
1.23416
1.14485
1.08205
1.32787
1.00124
1.27585
1.36718
1.45231
1.36157
1.07031
1.15525
1.36927
1.11224
1.3972
1.51041
1.00339
0.998403
1.38375
1.41783
1.35187
1.3007
1.69635
1.07582
0.996831
1.61961
1.58114
1.3378
1.32491
1.00096
1.25418
1.44244
0.998241
1.57197
1.35893
1.27429
1.3787
1.3203
0.998594
1.41943
1.00243
1.64087
1.57401
1.37563
1.07009
1.09721
1.23083
1.21706
1.04872
1.38745
1.00424
1.00265
1.32961
1.36475
1.06605
0.997613
0.998154
0.997421
1.08744
0.997517
0.998321
1.51215
1.45909
1.33971
1.17247
1.002
1.10888
1.41281
1.04208
1.2457
1.16223
1.33694
1.23199
1.1744
1.00174
1.33694
1.18646
1.16507
1.11464
1.00131
1.47078
1.31929
1.40808
1.52767
1.23261
1.59963
1.32531
1.72224
1.27494
1.23526
1.35912
1.00473
1.27007
1.00014
1.04296
1.19369
1.05701
1.50142
1.3992
1.44904
1.0023
1.14046
1.198
1.00052
1.66454
1.00042
1.3284
1.29859
1.08334
1.19668
1.39685
1.51583
1.31316
1.32636
1.36632
1.26229
1.32166
1.12331
1.49448
1.32104
1.58852
1.2256
1.48255
1.42355
1.37641
1.25778
1.33783
1.21058
1.46629
1.37922
1.36425
1.10837
1.6047
1.5378
1.37415
1.36601
1.03033
1.48891
1.41343
1.12681
1.3504
1.26867
1.38362
1.14149
1.00233
1.00304
1.59291
1.00155
1.59183
1.70704
1.16117
1.23409
1.33383
1.493
1.52512
1.21374
1.16091
1.42181
1.26972
1.2308
1.50957
1.17437
1.0003
1.00267
1.10146
1.9307
1.73993
0.996928
1.13404
1.24781
1.1484
1.29258
1.05597
1.00054
1.66078
1.23644
1.4646
1.24516
1.24045
1.18451
1.53033
1.17097
1.08574
1.24001
1.37808
0.999939
1.06836
1.00186
-1.00239
-0.996306
-0.995766
-1.00264
-0.997606
1.09698
1.7059
2.53462
2.38059
1.938
2.37216
2.1698
2.25483
2.30419
2.01508
1.50139
1.39822
1.39317
1.35864
1.27028
1.13057
1.34681
1.19797
1.25721
1.10174
1.00686
1.00316
1.31109
1.15768
1.08263
0.996798
1.09156
1.15985
1.44056
1.00145
1.3779
0.999974
1.52544
1.58016
1.2316
1.02414
1.33168
1.22671
1.28971
1.28813
1.27793
1.25827
1.36343
1.07517
1.23538
1.26336
1.20735
0.997221
1.00403
1.35012
1.57752
1.38882
1.05727
1.82514
1.1637
1.00084
1.22224
1.16563
1.1763
1.7261
1.2587
0.997011
1.35226
1.43135
1.32238
1.17169
1.34113
1.2273
1.74023
1.36067
1.4824
1.1425
1.14903
1.37086
1.11417
1.03406
1.10616
1.44837
1.06774
1.2408
1.1782
1.43408
1.27321
1.00174
0.999909
1.36185
1.61973
1.14659
1.33339
1.38493
1.50737
1.01931
1.08428
1.09168
1.46716
1.02459
1.00291
1.54482
1.50914
1.79374
1.38439
1.22423
1.19173
1.16504
1.02866
1.509
1.38177
0.996481
1.42978
1.20811
0.997769
1.23089
1.3875
1.05181
1.14141
0.997438
1.24972
0.996787
0.998829
0.998041
1.32597
1.15512
1.00115
0.998111
0.999254
1.04719
1.37589
1.40225
1.35376
1.4561
1.38601
1.17721
1.22158
0.995439
1.48867
1.47331
1.30625
1.48965
1.29144
1.23245
1.10407
1.46913
1.02859
1.18796
1.30774
1.30175
1.36485
1.14922
1.07896
1.36192
1.80381
1.29449
1.26968
1.20683
1.39327
1.09931
1.16509
1.19961
1.29337
1.13869
0.997768
1.32717
1.35715
1.33951
1.38593
1.32923
1.35526
1.30549
1.2965
0.997439
1.23472
1.10688
1.12185
1.417
1.88739
1.22369
1.35877
1.15155
1.00435
1.30964
1.5964
1.33962
1.17912
1.51205
1.31679
1.11748
1.19119
0.996464
1.16887
1.05251
1.09737
1.00305
1.42477
1.26658
1.22748
1.34736
0.99827
1.40772
1.07273
1.20887
1.65403
1.28106
1.05017
1.15361
1.03753
-0.999553
-0.998628
-0.996092
-0.997433
-0.997866
1.49612
1.34291
1.98322
2.25567
1.30261
1.05135
2.10129
2.12469
1.2203
2.52393
2.05213
1.71937
2.10339
2.14762
1.97611
2.34625
1.77566
1.58924
1.00069
0.997454
1.36117
1.11226
1.27361
1.3452
1.2713
1.56457
1.14912
1.27582
0.999306
1.03399
1.12472
1.30375
1.21601
1.46468
1.46237
1.19586
1.09384
1.47985
0.998216
1.32951
1.36676
1.27625
1.34698
1.3285
1.00064
1.11068
1.28162
1.28329
1.3823
1.54607
1.14195
1.38485
1.01649
1.19244
1.00281
1.34995
0.998281
1.07318
1.01918
1.33817
1.40899
1.24852
1.58876
1.32483
1.21498
1.21543
0.998516
1.00283
0.995493
1.06029
1.0659
1.21364
1.12453
1.46178
1.40648
1.21165
1.22842
1.06072
1.31674
1.50543
1.04514
1.32744
1.5112
1.54545
1.01174
1.53979
1.23963
1.44609
1.25358
1.01932
1.3807
1.18684
1.02834
1.39725
1.22239
1.15081
1.46299
1.30114
1.26835
1.44828
1.29995
1.35988
1.18682
1.16988
1.34322
1.30175
1.35514
1.28619
1.27558
1.20643
1.00328
1.15441
1.36734
1.28047
1.14834
1.17323
1.24837
1.49551
1.21314
1.36914
1.00008
1.21136
1.59941
1.34454
1.05444
1.07485
1.00239
1.00144
1.33739
1.00263
1.00615
1.01165
1.12005
1.3933
1.29598
1.39106
1.26614
1.0179
1.61442
1.35123
1.07418
1.11579
1.00332
1.1505
0.99677
1.13995
1.25469
1.66906
1.47542
1.54712
1.19892
1.49897
1.19256
1.16218
1.31738
1.29013
0.998351
1.50366
1.58342
1.03056
1.24284
1.00393
1.00395
1.32184
1.18815
1.45583
1.30734
1.02308
1.21713
1.20882
1.23042
1.64347
1.08807
1.44008
1.04421
0.99874
1.3371
1.12448
1.01889
0.997609
1.82917
1.06247
1.00194
1.18248
1.31908
1.14249
0.998053
0.99804
1.41181
1.48034
1.04773
1.20154
1.19804
1.11508
1.61246
1.16853
1.369
1.10969
1.3869
0.997491
1.41382
1.16517
1.02617
1.10416
0.998848
-0.998965
-1.00154
-0.997955
-0.999743
-1.00111
1.00035
1.75635
2.26448
2.08619
1.39318
1.89321
1.36792
2.1147
1.74698
1.36803
1.57136
1.17615
1.126
1.4381
1.26254
1.26141
1.2308
1.31455
1.35909
1.57132
1.10432
1.41484
1.09711
1.23454
1.13395
1.20721
1.25492
0.995993
1.30434
1.0773
1.0023
1.51546
1.35231
1.39022
1.2141
1.00127
1.18081
1.00133
1.35896
1.57929
1.11297
1.19002
1.66999
1.39242
1.0267
0.996758
1.35492
1.14238
1.20108
1.29152
1.18213
1.45593
1.06235
1.37853
1.19275
1.62033
1.64264
1.50206
1.31741
1.15436
1.00177
1.46844
1.25315
1.01953
1.17721
1.16402
1.08396
1.29234
0.995403
1.2564
1.039
1.32924
1.23591
0.999339
1.36111
1.26309
1.27386
1.23666
1.14205
1.40923
1.14168
1.2321
1.16268
0.998908
1.22189
0.997699
1.27053
1.13557
1.23762
1.41556
1.52225
1.31471
1.54253
1.15014
1.30018
1.00236
1.28912
1.21987
1.25666
1.78528
1.01364
1.16008
1.17317
1.11902
1.03717
1.36862
1.28564
1.13148
1.2321
1.44478
1.1953
1.22028
1.28325
1.34247
1.01524
1.53475
1.24089
1.32643
1.43845
1.08543
1.15401
1.21756
1.11593
1.53046
1.35517
1.00315
1.00272
1.57237
1.39089
1.1638
1.05397
1.30767
1.10362
1.20725
1.46657
1.38367
1.25303
1.59875
1.52288
1.1379
1.47216
1.51128
1.23197
1.36826
0.99847
1.2936
1.35615
1.44945
1.19093
0.99613
1.11281
1.44063
1.29308
1.0029
0.998071
1.08438
1.30352
1.23319
1.38746
0.995513
0.997097
1.0426
1.22943
1.35304
1.05841
1.39003
1.32979
0.99918
1.12841
1.29885
1.25832
1.00244
1.27857
0.998914
0.997904
1.10952
1.27613
1.18825
0.997725
1.27208
1.18497
1.29835
1.35063
1.52121
1.43754
1.15751
1.43133
1.41315
1.00947
1.00346
1.32581
1.00012
0.996228
0.997894
1.1489
1.51895
1.35122
1.31689
1.03713
1.33638
1.24714
0.996953
1.4072
1.51705
1.0009
-0.999736
-0.995678
-0.999832
-0.999042
-0.996747
2.35326
2.26569
1.42554
1.97487
1.78832
1.44297
1.57074
1.487
1.00301
1.06246
1.20434
1.1368
1.08848
1.328
1.16191
1.42598
1.22999
1.53304
1.39881
1.41934
1.34566
1.3214
1.23757
1.53925
0.99894
1.04892
1.29461
1.56446
0.999739
1.15789
1.07167
1.21424
1.41481
1.29953
0.998308
1.23749
1.33038
1.20921
1.39365
0.997655
0.999527
1.81177
1.36743
1.09749
1.17972
1.24154
1.56924
1.54446
1.1379
1.24975
0.996321
1.03565
1.1464
1.001
1.49306
0.999804
0.998518
1.00383
0.99984
0.995989
1.27131
1.1236
0.999933
1.28529
1.1964
1.33142
0.998839
1.54092
1.40338
1.21047
1.42587
1.21286
1.51171
1.47092
1.09947
1.46944
1.00187
1.03224
1.52879
1.27336
1.30589
1.24832
1.51494
1.5015
1.13266
0.999753
1.40162
1.41341
1.24799
0.998072
0.997373
1.16263
1.39324
1.38647
1.17817
1.16796
1.2929
1.34421
1.46021
1.03168
1.56451
1.19421
1.19888
0.999183
1.39301
1.10941
1.21897
1.04922
1.18612
1.49603
1.27734
1.1133
1.46645
1.43681
1.24212
1.35441
1.27589
1.05359
1.14084
1.44495
1.06244
1.34786
1.31242
1.07717
1.12422
1.1317
1.12523
1.58134
1.33729
1.1357
1.47069
1.63067
1.25088
1.33013
1.29236
1.21758
1.41754
1.06909
1.38052
0.997447
0.99902
1.12012
1.47038
1.40497
1.36196
1.04656
1.06125
1.06788
0.996021
1.42977
1.50738
0.998335
1.42534
1.10053
1.21685
1.02486
1.31645
1.36002
1.11019
1.49851
1.40041
1.39748
1.08688
0.995857
1.10329
1.14513
1.52142
1.4798
0.997954
1.46308
1.27719
1.44863
1.2243
1.25368
1.33148
0.996609
1.07664
1.12979
1.24404
0.997356
1.16123
0.996564
0.997268
1.02426
1.2465
0.998237
1.62521
1.11235
1.30648
1.2989
1.24843
1.2732
1.19207
1.1386
0.996411
1.07691
1.09356
1.11196
1.66161
1.5122
1.37319
1.24056
1.00977
1.10205
1.11453
-0.998578
-0.997509
-0.996931
-0.99772
-0.997009
1.41193
2.14444
1.80371
1.76729
2.48585
2.11843
1.69211
1.23557
1.33427
1.23712
1.18287
1.11645
1.07685
1.09431
1.00038
1.47279
1.28767
1.07104
1.24994
1.25201
1.16933
1.017
1.00854
1.5047
1.22309
1.38922
1.53752
1.26605
1.15667
1.14114
1.3708
1.4006
1.25057
1.16303
1.26649
1.00138
0.996829
0.995942
1.35858
1.00066
1.3793
1.27755
1.34151
1.30233
1.05258
1.49638
1.0582
1.44676
1.27457
0.997457
1.37052
0.997289
1.06379
1.49381
1.31594
1.1987
1.04166
1.25582
1.40055
1.54027
1.11575
1.30631
1.33708
1.00056
1.45721
1.40356
1.1709
1.15935
1.516
1.29735
1.24481
1.29422
1.27138
1.0814
1.25734
1.09467
0.998078
1.24364
1.04442
1.36905
1.10552
1.07016
1.34433
1.00371
1.04933
1.09487
1.27125
0.996199
1.30823
1.23742
1.44451
1.00471
0.996382
1.13355
1.32078
1.26724
1.28379
1.49498
1.29173
1.09444
1.12361
1.17301
1.27792
1.39821
0.99793
1.22724
1.13744
1.4617
1.25764
1.14047
1.49212
1.46067
1.25
1.55186
1.4974
1.21848
1.34068
1.16167
1.5066
1.26882
0.998095
1.0006
0.997029
1.04233
1.2923
1.47599
1.23395
1.73586
1.47865
1.15109
1.45036
1.25855
1.60012
1.12301
1.26924
1.30868
1.09867
1.34033
1.3177
1.50968
1.30071
1.08189
1.1925
1.45225
0.997085
1.24487
1.09985
1.22352
1.18329
1.47933
1.28318
0.996726
1.04218
1.20987
1.60772
1.26124
1.20135
1.54879
1.10323
1.28183
1.46572
1.00218
1.09675
1.30438
1.46447
1.11895
1.28595
1.53399
1.29362
1.06331
1.16939
1.2938
1.15653
1.24566
1.47903
1.50558
1.53581
1.55776
1.27919
1.10743
0.995586
1.02298
1.37676
1.36954
0.998754
1.23856
1.1767
1.52219
1.10477
1.28596
1.11549
1.06037
0.998803
1.1917
1.26158
1.15536
1.24643
1.1778
1.23697
1.06076
1.24295
1.31297
1.45492
1.32784
0.999278
-0.996848
-1.33004
-1.00242
-0.99759
-0.996918
1.66697
1.73925
1.76117
1.15818
1.00318
0.999848
1.50831
1.33222
2.11846
2.17959
2.16192
2.29947
1.55375
2.36179
1.57617
1.8738
1.67992
2.1042
1.45186
1.06575
0.998596
1.32212
1.31085
1.00384
1.275
1.40911
1.00704
1.00262
1.00164
0.997785
1.16553
1.36228
0.995944
1.18793
1.33536
1.24846
1.27724
0.996807
1.60128
1.09739
1.13371
1.18863
1.39676
1.11815
1.12643
1.2274
1.34451
1.4332
1.34348
1.20897
0.99699
1.00286
0.997473
1.0031
1.14484
1.54319
1.36648
1.08697
1.00259
1.26493
1.29027
1.24051
1.61268
1.26406
1.33261
1.47478
1.38359
1.57306
0.998609
1.19352
1.46239
1.09097
1.54832
1.2155
1.00395
1.00324
1.27787
1.22283
1.02117
1.01402
1.28844
1.00504
1.41313
1.42173
1.2444
1.33875
1.20975
1.36363
1.42795
1.43374
1.78116
1.05843
1.3518
1.54743
1.57728
1.28125
1.32553
1.00177
1.06896
1.42985
1.61619
1.49058
1.05447
0.996675
1.044
1.3491
1.33158
1.25565
1.36547
1.16622
1.24786
1.3444
1.32741
1.12221
1.13423
1.86057
1.31167
1.43502
1.04306
1.2564
1.40206
1.22772
1.94359
1.56855
1.22737
1.40249
1.37443
1.03128
1.52587
1.456
1.22572
1.30995
1.34173
1.33816
1.02526
1.44426
1.52026
1.26361
1.09671
1.28975
1.22575
1.51067
1.51602
1.29741
1.34592
1.23438
1.16811
1.08693
1.29046
1.11577
1.01526
1.78776
1.37294
1.0035
1.34449
1.50704
1.1679
1.0666
1.23167
1.17882
1.00448
1.4002
1.08459
1.15922
1.14303
1.19432
1.30107
1.11775
0.998188
1.28172
0.995675
1.22288
1.20354
1.02764
0.998476
0.999858
1.23354
1.02546
1.32812
1.1215
1.41101
1.06086
1.00449
1.06562
1.13223
1.1051
1.29315
0.997512
1.23824
1.33631
1.43132
1.32362
1.17216
1.64528
1.12359
1.43937
1.44593
1.32844
1.33184
1.18888
1.57583
1.49264
1.27431
1.06543
1.00212
-0.999422
-1.00105
-0.995405
-0.995934
-0.996998
2.04189
1.37618
1.11976
2.07138
2.06754
1.87282
1.74459
2.071
1.62281
1.36841
1.30242
1.00423
1.03989
1.2558
1.77976
1.10199
1.09474
1.15417
1.29731
1.81628
0.997736
1.45291
1.08097
1.07947
1.0705
1.03365
1.00029
1.20813
1.43953
1.08619
0.995728
1.00211
1.25686
1.12207
1.55067
1.45396
1.00046
1.00239
1.3402
1.36244
1.17131
1.19313
1.26631
0.999473
1.41618
1.26481
1.39589
1.13005
1.06072
1.23807
1.60312
1.04466
1.08945
1.33131
1.0803
1.12058
1.23066
1.00354
1.30441
1.2315
1.10981
0.996391
0.996102
1.00083
1.21588
1.07472
0.996932
1.39003
0.996613
1.0043
0.998875
1.34467
1.04086
0.998038
1.23693
1.31179
1.36355
1.05266
1.10986
1.35505
1.27889
1.00342
1.25168
1.01046
1.32782
1.34605
1.41085
1.20316
1.3477
1.26848
1.29015
1.1504
1.17308
1.01603
1.10459
0.996914
1.02642
0.999765
1.06682
1.28132
1.20851
1.58778
1.54499
1.3478
1.30447
0.99732
1.20848
1.03243
1.00153
1.30275
1.55382
1.0462
1.28086
1.09475
0.999767
1.48072
1.00476
1.12916
1.18389
1.49702
1.44067
1.23894
1.40792
1.19166
1.24318
1.07177
1.37466
1.48302
1.51968
1.32002
1.31899
1.35844
1.00388
0.999947
1.0798
1.31581
0.998055
1.70142
1.74381
1.32796
1.33125
1.73546
1.65892
1.58874
1.5096
1.29004
1.25738
1.22175
1.3336
1.33911
1.02015
1.19163
1.24089
1.20434
1.12476
1.53414
1.5449
1.03042
1.00358
1.4282
1.3509
1.20992
1.16598
1.17589
1.17513
1.24508
1.0045
1.53515
1.16126
1.30354
1.46795
1.08775
1.18691
1.39646
1.09398
1.40373
1.26067
1.35938
1.56231
1.32241
1.13682
1.40376
1.02656
1.12117
1.02852
1.44694
1.08618
1.76473
1.5948
1.01975
1.45646
1.00138
0.997589
1.5783
1.54542
0.996363
1.2715
1.54117
1.41268
1.37404
1.05745
1.29557
1.45771
1.17345
1.16927
-0.995716
-0.995634
-1.00045
-0.999735
-0.999385
1.00331
1.00332
1.61979
1.00202
1.25914
1.82014
2.16353
1.50457
2.32943
1.4499
1.28343
0.999625
1.09857
1.18663
1.00382
1.28546
1.64399
1.22462
1.1793
1.09908
1.40741
1.08008
1.29962
1.10277
1.20326
1.28549
1.09912
1.7076
1.00954
1.14373
1.28556
1.11438
0.998771
1.14013
1.00455
1.1668
1.42941
1.35501
1.36476
1.58197
1.12362
1.47838
1.21474
1.2873
1.19871
1.57126
1.15111
1.78209
1.32709
1.28576
1.11318
1.36663
0.996914
1.00247
0.998725
1.31002
1.47394
1.19487
1.20455
1.24673
0.999291
1.3704
1.21473
1.0005
1.11254
1.45171
1.24526
0.996335
1.30922
1.49003
1.27595
1.30329
1.19923
1.15133
1.25925
1.00348
1.37153
1.29862
1.1749
0.995911
1.38165
1.14711
1.13702
1.48428
1.188
1.48797
1.00283
1.13061
1.26238
1.23667
1.18002
1.28472
1.03867
1.19357
1.15048
1.05533
1.22421
1.36431
1.41761
1.44401
1.18791
1.47886
1.05694
1.0037
1.26667
1.12399
1.19962
1.11213
0.999306
1.08396
1.37222
1.18855
1.3161
0.997492
1.4335
1.5618
1.19501
0.998155
1.07563
1.33841
1.77029
1.28078
1.32425
1.27148
1.05739
1.76056
1.06132
1.34927
1.50039
1.31585
1.06828
1.33057
1.41318
1.51961
0.9969
1.30791
1.10516
1.05939
1.32188
1.02519
1.00257
1.31966
1.46548
1.13524
1.29041
0.999015
1.22267
1.15832
0.998753
1.0129
1.2727
1.02933
1.27512
1.13268
0.997923
1.18394
1.30103
1.22154
1.07646
1.5097
1.21803
1.48037
1.11602
1.00363
1.0881
1.53967
1.22135
0.997052
1.21669
1.2291
1.1306
1.32167
1.42306
1.39285
1.40757
1.39248
1.29741
1.12361
1.27338
0.996967
0.99785
0.996541
1.08618
1.29511
1.32488
1.17817
1.28534
1.20948
1.75525
1.03074
1.50234
1.54378
0.995806
1.12687
1.21422
1.42162
0.998113
1.21752
1.00119
1.2879
1.22997
1.35131
1.00283
1.23585
1.00264
-0.999182
-0.996823
-0.995266
-0.997092
-0.998078
1.0007
1.00028
0.998645
1.00316
1.26746
1.0028
1.08093
1.33821
1.56876
0.999996
1.00079
1.09572
1.3489
1.73597
1.46233
1.19878
1.19721
1.20921
1.89355
0.999287
1.08218
1.10198
1.20608
1.0033
1.23492
1.00128
1.12734
1.37498
0.999526
1.02341
1.07703
1.26776
0.999029
1.10803
1.21669
1.23501
1.3746
1.354
1.52822
1.00236
0.998899
1.63709
1.30984
0.997616
0.997973
1.3149
0.999236
1.22809
1.30658
1.40519
1.38004
1.00157
1.31871
1.12468
1.04192
1.06628
1.26755
1.26862
1.23219
1.28726
1.33977
1.30071
0.999781
1.00091
1.22246
1.1907
1.04979
0.999048
0.996885
1.40225
1.3658
1.35137
1.09885
1.36661
1.26683
1.49574
1.05149
1.08515
1.19042
1.40392
1.45264
1.20478
1.32961
1.48185
1.26863
1.18437
1.14893
1.00055
1.24912
1.60028
1.06808
1.00255
1.39123
1.15453
1.03449
1.0274
1.003
1.44245
1.00167
1.20441
1.11855
1.03826
1.18155
1.64589
1.24695
1.68816
1.10677
1.08029
1.23856
1.51341
1.33583
1.34385
1.56689
1.35767
1.12022
1.36401
1.02351
1.21553
1.39862
1.31242
1.24142
1.37084
1.14986
1.33627
1.29305
1.00121
0.996785
1.0011
1.00017
1.27747
0.999665
1.24107
1.27638
1.1967
1.31088
1.54856
1.34506
1.2912
1.00281
1.00056
1.2452
1.5406
1.18214
1.26868
1.31597
0.997654
1.24013
1.17731
1.35557
0.996948
1.58576
1.56321
1.4444
1.57126
1.46921
1.09535
1.08777
1.02808
1.08478
1.47578
1.29176
1.06746
1.51422
0.996374
1.4517
1.17005
1.19461
1.33331
1.13094
1.13118
1.27919
1.03145
0.997141
1.27061
1.00609
1.3735
1.28472
1.67826
1.42636
1.49373
1.13172
1.06278
1.27379
1.52288
1.34464
1.17004
1.00004
1.2522
1.08699
1.38525
1.56216
1.4239
1.33022
1.36514
1.56097
1.50312
1.04654
1.43896
1.59065
1.4044
1.00272
1.53342
1.46832
0.998389
1.24247
-1.00043
-0.996045
-1.00172
-0.998156
-0.996774
1.69036
1.06055
1.00241
1.69484
2.23251
1.91861
2.06748
1.99885
1.88944
1.85613
1.55376
1.42631
1.30789
1.42882
1.0602
1.76732
1.60243
1.27283
1.07549
1.00234
1.05111
1.25939
1.00365
0.997606
1.21713
0.996155
1.00316
1.00315
1.30017
1.17972
1.10475
0.998835
0.998518
1.19836
0.997702
1.23953
1.74575
1.00042
1.22842
1.25955
1.04893
1.2014
1.15418
1.00459
1.28644
1.00436
1.17611
0.995952
1.30468
1.10139
1.72008
1.59214
1.29816
1.46527
1.69295
1.41778
1.46608
1.42005
1.05419
0.999011
1.05742
1.33887
1.58119
1.31616
1.3134
1.0402
1.21009
1.13675
1.22501
1.37426
1.64983
1.24758
1.06162
1.0972
1.0361
1.38049
1.34084
0.999399
1.69848
1.04859
0.995676
1.0022
1.06699
1.31984
1.73483
1.54621
1.4479
0.999149
1.65069
0.99662
1.06622
1.16897
1.05198
1.33682
1.00203
1.17364
1.3374
1.26951
1.00465
1.41492
1.36442
1.00352
1.28371
1.15008
1.06087
1.00007
1.04351
1.04481
1.10577
1.32092
1.00298
1.00766
1.03884
1.0344
1.55175
1.53605
1.16992
1.45151
1.42875
1.17448
1.24996
1.24847
1.71694
1.12958
1.29813
1.17161
1.60838
1.35054
1.0993
1.19818
1.30299
1.12192
1.08063
1.11363
1.00294
0.997602
0.997019
1.41883
1.07955
1.22858
1.15767
1.3857
1.17837
1.24785
1.27281
1.2457
1.4236
1.20041
1.08935
1.22941
1.09103
1.20962
1.10376
1.25157
1.2461
1.25641
0.99671
1.02397
1.79557
1.242
1.25075
1.16606
0.998053
1.00031
0.996783
1.3159
1.32614
1.17289
0.997018
1.38503
1.31362
1.00374
1.05073
1.23737
1.10468
1.20347
1.40078
1.24925
1.00113
1.07021
1.08577
1.37856
1.47046
1.11647
1.33438
1.33649
1.22616
1.26069
1.6583
1.25153
1.1494
1.64052
1.20558
1.17101
1.14728
1.21594
1.4725
1.08305
0.998035
1.00356
1.0032
1.43672
1.22247
1.14978
0.999254
-0.99564
-1.00031
-0.997718
-1.00239
-0.996763
1.00053
1.44755
1.37117
1.0654
1.41974
1.304
1.00235
1.0338
0.997333
1
1.40827
1.35248
1.55123
0.997329
1.26715
1.00258
1.35494
1.24772
1.00127
1.4674
1.74773
1.47801
1.20936
1.00441
1.0615
1.42283
1.22747
1.22929
1.38296
1.15979
1.37182
1.33748
1.72098
1.21609
1.27772
1.06759
1.15934
0.999748
1.28247
1.37164
1.30612
1.13298
0.99695
1.53566
1.30827
1.04106
1.46161
1.47599
1.26721
1.51578
1.00451
1.29584
0.999795
1.00077
1.53554
1.25267
1.13316
1.26725
1.23268
1.12948
1.34602
1.07056
1.40727
1.00357
1.41407
1.50116
0.996999
1.08768
1.27428
1.02994
1.13964
1.27864
1.4545
0.997661
1.24558
1.09168
1.83862
1.28296
1.52407
1.51111
1.27518
1.36138
1.64616
1.00102
1.00179
1.30584
1.00688
1.06995
1.04971
1.24083
1.57334
1.22911
1.27803
1.48966
1.01502
1.00373
0.999406
1.12153
1.42243
1.0345
1.16179
1.413
1.08055
1.0018
1.00264
1.2614
1.28759
1.40713
1.16605
0.999389
1.77446
1.1168
1.34768
1.26671
1.00264
0.996659
1.0031
0.998699
1.02738
1.21114
1.1206
1.48176
1.53291
1.00424
1.0548
1.13196
0.998424
1.33881
1.30348
1.21505
1.47251
1.48883
1.44564
1.3024
1.74238
1.7038
1.5298
1.27711
1.00253
0.997634
1.2524
1.07061
1.02695
1.25764
1.17047
1.28784
1.49134
1.51885
1.18342
1.00012
1.2808
1.01401
1.00007
0.996446
1.04243
1.53192
1.0051
1.02928
1.49884
1.29381
1.27343
1.40141
1.33185
1.40845
0.998377
1.32402
1.60806
1.58605
1.34847
1.17573
1.42304
1.14778
1.32944
1.38688
1.23228
1.46791
1.00294
1.17866
1.11551
1.10197
1.30371
1.38908
1.23958
1.44586
1.23346
1.35486
1.21323
1.00214
1.2289
1.5349
1.1666
1.36278
1.3771
1.51397
1.16773
1.21252
1.20642
1.46679
1.00444
1.00105
1.01339
1.00213
1.0748
1.56858
0.999117
-0.998799
-0.998198
-0.996955
-0.997926
-0.996093
1.45112
1.84514
2.23746
2.09616
1.71666
2.0393
1.80597
1.38481
1.51147
0.999226
1.00164
1.18246
1.02175
1.0657
1.10376
1.3312
2.01443
1.13977
1.07077
1.59237
1.00271
1.45842
1.00092
1.33454
1.00072
1.00678
1.1992
1.13283
1.24885
1.29821
1.25079
0.998281
1.64169
1.07632
0.9989
1.11237
1.00293
1.56745
1.28589
1.44992
1.37413
1.48252
1.03597
1.4101
1.56145
1.06557
1.18128
1.2282
0.999358
0.995265
1.2647
0.997998
1.04639
1.39484
1.31868
1.31039
1.00152
1.03737
1.2492
1.14015
1.06275
1.13095
1.14797
1.06882
0.999523
1.20666
1.00518
0.998956
1.00364
1.05421
1.19476
1.00041
1.31735
1.14214
1.14226
1.08049
1.12162
1.00284
1.20225
1.02764
1.09187
1.44217
1.70441
1.36098
1.58996
1.55414
1.29029
1.22516
1.00332
1.2442
1.15535
1.00448
1.42032
1.28949
1.42305
1.58177
1.08622
1.33179
0.998626
1.38699
1.21472
1.07832
1.20292
1.39442
1.40536
1.28056
0.996309
1.00057
1.23897
1.02974
1.42461
1.23143
1.16934
1.18881
1.31372
1.00232
1.24821
0.997712
0.998116
0.996236
1.41075
1.57151
1.33419
1.44706
1.38875
1.57587
1.44732
1.23016
1.06332
1.53409
1.09929
1.41638
1.25626
1.19443
1.37533
1.20282
1.10464
1.53729
1.26774
1.5449
1.02427
1.44685
1.08909
1.12731
1.33085
1.34332
1.25989
1.05779
1.4113
1.05629
1.15557
0.99787
1.168
1.21385
1.40849
1.13123
1.3026
1.17515
1.45966
1.15983
1.51269
1.45505
1.24614
1.18786
1.00333
0.997276
1.25928
1.04194
1.24935
1.29279
1.19977
1.23229
1.3861
1.33161
1.1704
1.51089
1.05483
1.18825
1.31413
1.44687
1.34995
1.34472
1.34888
0.998036
1.09326
1.04621
1.22121
1.44285
1.36787
1.3034
1.11224
1.14393
1.4342
1.04037
1.30231
1.60819
1.67297
1.22577
1.10055
1.16931
1.43744
1.55423
1.43053
1.14222
1.39306
-1.00035
-0.998951
-0.998632
-1.00081
-0.996465
0.999571
1.00128
1.49477
1.45122
1.88796
1.90585
1.76891
2.25661
2.38053
2.1189
1.30432
1.25199
1.07884
1.42932
1.00314
1.08726
1.00263
1.02002
1.31246
1.45217
1.32562
1.23681
1.25999
0.997492
1.66614
0.995557
1.5493
1.72536
1.20894
0.997647
1.12427
1.11465
1.37362
1.29555
1.63551
1.31155
1.21394
1.47601
1.29741
1.45003
1.36035
1.24787
1.36488
1.69248
1.53289
1.25585
1.11631
1.09795
1.21285
1.00782
1.3083
0.997363
0.999224
1.47923
1.32859
1.23661
1.15853
1.29449
1.18025
1.06802
1.39325
0.998699
1.13833
1.42715
1.23327
1.17552
1.00051
1.19647
1.57413
1.29948
1.32234
1.34086
1.20521
1.27785
1.05467
1.3707
1.16386
1.14499
1.07992
1.21393
1.47693
1.49988
1.29126
1.2116
1.24968
1.56493
1.13399
1.09491
1.12654
1.11561
0.997627
1.1594
0.996563
1.00064
1.16319
1.39095
1.06655
1.04736
1.18944
1.31391
1.85959
1.39517
1.32727
1.57989
0.999435
1.26138
0.998431
1.12497
1.07008
1.20037
1.41332
1.52051
1.37896
1.25734
1.05827
1.19481
1.48675
1.74428
1.23732
1.21839
0.998735
1.00089
1.69747
1.35303
1.41714
1.15277
0.997389
1.38679
1.0258
1.08863
1.43452
1.29264
1.40908
1.22323
0.998978
1.06115
1.25802
1.32555
1.50941
1.251
1.07751
1.22128
1.38517
1.00296
1.36403
1.40147
1.41442
1.1958
0.998142
1.00401
1.17186
1.01989
1.14103
1.54825
0.998997
1.45731
1.04046
1.19941
1.18785
1.36986
1.17865
1.04214
1.18337
1.31443
1.72971
0.995752
0.998747
1.00228
0.998604
0.996144
1.31236
0.996957
1.0696
1.31167
1.40619
1.35222
0.997541
1.23052
0.997311
1.01683
1.00267
0.996852
1.2492
1.43442
1.35452
1.20283
1.00371
1.30723
1.24368
1.14266
1.13178
1.11263
1.67518
1.1419
1.24303
1.03532
1.15634
1.00304
1.25222
1.15976
1.37213
1.38779
1.18999
1.34082
0.999639
-0.997738
-0.998274
-0.997208
-0.997486
-0.997185
1.61875
1.55443
1.39367
0.997404
0.9997
1.16956
1.28816
1.00162
1.0012
1.05339
0.998877
1.0342
1.67567
2.01732
2.3795
1.42639
1.5425
1.33639
1.29533
1.18485
1.57372
1.67181
0.999299
1.09968
1.19686
1.45275
1.28544
1.59678
1.25049
1.51717
1.02175
1.26405
1.56494
1.60865
1.28014
1.50833
1.09251
1.21943
1.5113
1.71192
1.30654
1.51348
1.33824
1.15207
1.42529
1.37033
1.78422
1.53471
1.02424
1.36646
1.198
1.38714
1.23647
1.35388
1.40118
1.04818
1.19958
1.28219
1.37717
1.39514
1.43337
1.49172
1.36989
1.36828
1.04838
0.997368
1.23641
1.0053
1.23545
1.4792
1.19183
1.41637
1.01004
1.34552
1.1841
1.00172
1.26281
0.999006
1.33007
1.64093
1.14209
0.999657
1.52487
1.54732
1.43232
1.34462
1.29032
1.19371
1.23543
1.02267
1.05921
1.2094
1.00204
1.10781
0.99757
1.00359
1.29295
1.26115
1.41731
1.09634
1.00237
0.998059
1.00131
1.07638
1.34528
1.01588
1.00145
1.26591
1.19422
1.04854
1.25098
1.0015
1.01849
1.01374
1.18947
1.26828
1.35187
1.01058
1.49624
1.38445
1.44123
1.39453
1.44946
1.11993
1.52339
1.37057
1.38136
1.62561
1.2518
1.0137
1.59026
1.24538
1.15788
1.47472
0.998579
1.35155
1.4634
1.30508
1.39481
1.05864
1.10236
1.53419
1.13122
0.995652
0.99838
1.49119
1.24996
1.27911
1.59196
1.38992
1.0027
1.23061
1.55269
1.43909
1.44369
1.00215
1.30598
1.26601
1.44257
1.29333
1.02169
1.00047
1.11093
1.00495
1.00231
1.30034
0.998325
1.01612
1.24845
1.26644
1.02459
1.35077
1.39384
1.48224
1.35157
0.998002
1.38377
1.10205
0.998614
1.28071
1.00388
1.27796
1.00219
1.17307
1.27679
1.27298
1.2998
1.29532
1.56252
1.25542
1.24391
1.47741
1.25337
1.31686
1.46441
1.19009
1.59662
1.2843
1.40451
1.21771
1.412
0.999476
1.00229
1.07553
1.14592
-1.00089
-0.999378
-0.995716
-1.00027
-0.998917
1.62043
1.48962
1.50584
2.0239
1.74491
1.98611
1.88949
1.63285
1.98681
1.99563
1.25964
0.998274
0.995836
1.52637
1.00334
0.998856
0.997378
1.00285
1.0699
1.23396
1.55229
1.29752
1.16842
1.30686
1.1157
1.28325
1.18537
1.72692
1.25453
1.01804
1.33575
1.44234
1.00371
1.36228
1.56291
1.35728
1.11068
1.49496
1.21813
1.66191
1.42288
1.2657
1.47583
1.19259
1.17999
1.43861
1.25714
1.23587
1.41546
1.35955
1.28972
1.03211
1.04458
1.22903
1.34952
1.16236
0.996662
1.2184
1.09672
1.15534
0.996632
1.12765
1.03079
1.31612
1.68627
1.03391
1.52488
1.48301
0.998102
1.26751
1.26036
1.31351
1.70286
1.13959
1.14381
0.997805
1.34323
1.16116
1.31749
1.43908
1.44557
0.997958
1.28995
1.29258
1.06614
1.29681
1.41514
1.10935
0.996319
1.0878
1.28737
1.32764
0.998059
1.05489
1.44534
1.42163
1.18715
1.13334
1.38525
1.34578
1.23924
1.15704
1.31948
1.15771
1.04807
1.28276
1.07822
1.15373
1.36032
1.21171
1.15338
0.998426
1.0719
1.26039
1.71242
1.23238
1.72226
1.30589
1.07261
1.3903
1.01568
1.28667
1.24352
1.06637
1.09339
0.997081
1.23532
0.998712
1.30419
1.12156
1.03293
1.16026
1.02966
1.34371
0.997186
1.17206
1.0463
0.995818
1.00124
1.1029
1.20861
1.00095
0.99771
1.36639
1.17857
1.26993
1.4536
1.45021
1.39482
1.0038
1.00028
0.997244
1.24748
1.09752
1.15092
1.20839
1.00955
1.17013
1.07483
0.999293
1.20475
1.46713
1.38352
1.66687
1.30331
0.998995
1.32894
1.17645
1.29269
1.09512
1.11535
1.24105
1.3867
1.46171
1.66348
1.60849
1.10466
0.998274
1.5184
1.22224
1.18975
1.11007
1.06048
1.22936
1.30596
1.11048
1.15035
1.33661
1.22716
1.37326
1.42651
1.48393
1.41995
1.64209
1.16764
1.15076
1.46366
1.52739
1.00117
0.997574
0.997904
1.29664
1.00348
0.998557
1.00489
-1.00097
-1.00166
-0.99667
-0.998067
-0.99843
1.55927
1.85048
2.59683
1.79319
2.27621
1.65426
1.74692
1.38289
1.16113
1.10149
0.996903
0.99846
1.10215
1.40478
1.35373
0.999446
1.26244
1.05068
1.27697
1.64592
1.22364
1.0022
0.999429
1.31105
1.06933
1.03079
1.33368
1.20326
1.47898
1.50046
1.51822
0.997468
1.43422
1.40663
1.15443
1.49683
1.22824
1.00562
1.1859
1.31984
1.17954
1.24564
1.29434
1.25805
1.27513
1.26731
1.00276
1.32303
1.30464
1.41936
0.997359
1.61571
1.11898
1.0036
1.34915
1.52086
1.18698
1.03562
1.24451
1.40925
1.07871
1.54294
0.996409
1.0341
1.28797
0.99931
1.24213
1.54789
1.29163
1.23791
1.17121
1.06204
1.52749
1.10817
1.27515
1.19265
1.03519
1.02373
1.33929
1.34195
1.1938
1.20883
1.06639
1.3403
1.15553
1.14718
0.997053
0.999421
1.00053
1.23631
1.22158
1.12823
1.26514
1.07938
1.21079
1.09268
1.0022
1.04705
1.13387
0.997826
1.13326
1.35912
1.00329
1.18302
1.21257
1.06297
1.42094
1.07826
1.123
0.999866
1.31651
1.3858
0.99844
1.00105
0.998664
1.05885
1.27934
0.998989
1.13258
0.999539
1.00041
1.26302
1.50592
1.34203
1.11951
1.00241
1.13835
1.36995
1.30293
1.58076
1.04663
1.15791
1.09044
1.14357
1.43889
1.44099
1.48154
1.23271
0.996341
1.36735
1.51781
1.38446
1.38845
1.50086
1.53378
1.17871
1.40703
1.06997
1.10428
1.48726
1.36774
0.995649
1.35516
1.43735
0.997734
1.27743
1.23272
1.41962
1.32863
1.3608
1.57126
1.33478
1.11872
1.00378
1.15824
1.24943
1.34549
1.30276
1.219
1.12779
1.45019
1.57924
1.40914
1.00107
1.24521
0.996066
1.05581
1.18065
1.02459
1.41759
1.38014
1.14954
0.998571
1.00347
0.997852
0.996673
0.998216
1.44713
0.997025
1.23547
1.00323
1.34986
1.26874
1.28619
1.33182
1.52196
1.28397
1.48529
1.42052
1.15351
1.54258
1.55776
1.36084
1.23392
1.00158
-0.99994
-1.00301
-1.00066
-1.00299
-1.00154
1.00227
1.99666
1.85374
1.44243
1.05681
1.00198
1.00073
1.00174
0.997847
0.998694
1.00153
1.00049
0.996653
2.11477
0.999766
1.29834
0.999095
1.07343
1.26196
1.94147
1.18749
1.32164
1.00159
1.73337
1.34209
1.00249
1.15587
1.43761
0.99765
0.999664
1.2714
1.22972
0.996726
1.20629
1.06004
0.997624
1.12042
1.17137
1.14858
1.19907
1.3169
1.00393
1.32706
0.997024
1.29358
1.0868
1.41899
1.05725
1.13106
1.22752
1.41908
1.30652
1.00213
0.998967
1.26355
1.10932
1.56991
1.628
0.996954
0.9979
1.29953
1.55101
1.66628
1.17662
1.19343
0.998288
1.47146
1.46867
1.31515
1.52389
1.19757
1.43238
1.19191
1.2209
1.5097
1.26513
1.43422
1.11422
1.00036
1.20046
1.65444
1.2528
1.2908
1.00156
1.18723
1.23862
0.997235
1.00347
1.08305
0.997779
1.34984
1.27547
1.24684
1.30763
1.1781
1.24755
0.999223
1.35512
1.19925
1.19056
1.05038
1.0023
1.41066
1.29736
1.00023
1.41306
1.21827
1.64435
1.1328
1.37054
1.43554
1.33953
1.2085
1.17479
1.24189
1.14372
1.43199
1.27406
1.46373
1.17629
1.044
0.997515
1.23283
0.99679
1.23341
1.78544
1.47658
1.46459
1.57227
1.52725
1.31011
0.997089
1.12661
1.01383
0.99775
0.99939
1.27406
0.998858
1.01639
1.25191
1.07973
1.1658
1.29802
1.00259
1.04233
1.63008
1.42922
0.999828
1.21469
0.996638
1.18033
1.00152
1.18335
1.33779
1.00059
1.00128
1.22383
1.58003
1.51353
1.55996
1.05909
1.50318
1.21852
1.15287
1.30698
1.2649
1.29058
1.05907
1.19191
1.25273
1.3936
1.18744
1.20432
1.41329
0.998781
0.997694
1.20013
1.29467
0.998485
1.16033
1.18361
1.44803
0.998538
1.16883
1.10887
0.996087
1.45269
1.23824
1.31731
1.50678
0.997719
1.00181
1.16746
1.26841
1.3593
1.19924
1.1036
1.13309
1.39141
1.39786
1.42521
0.996448
1.18685
1.32929
1.00328
-0.996401
-0.998519
-1.46095
-0.997978
-0.995615
1.23615
2.1181
2.75484
2.36637
1.68097
1.39802
1.41256
1.761
1.67895
1.82694
1.24012
1.05246
1.35479
1.06881
1.14732
0.995757
1.11165
1.10191
1.35763
1.07339
1.47246
1.38862
1.62155
1.38855
1.00448
1.00307
1.52293
1.09259
1.0807
1.34264
1.00296
1.34214
1.00812
1.25445
1.11688
0.997964
1.41141
1.42966
1.02287
1.36266
1.30859
1.41477
1.36109
1.36163
1.33979
1.20917
1.26617
1.36092
1.17826
1.00074
1.25577
0.995974
1.00466
1.30033
1.09453
1.2825
1.40921
1.00049
1.41677
1.00386
1.32998
1.18627
1.59751
1.33392
1.27593
1.3731
0.99723
0.996008
1.57761
1.37311
1.06242
1.02137
1.39057
0.9987
1.09761
1.15351
1.10261
1.38264
1.2387
1.28599
1.25269
1.28389
0.997027
1.06417
1.2464
1.414
1.22149
1.52284
1.15335
1.08875
1.19534
1.22841
1.04863
1.1416
1.16124
1.00102
1.34113
1.27341
1.10595
1.29637
1.23695
1.01173
1.14822
1.23125
1.0841
1.38107
1.23068
1.51408
1.3626
1.00302
1.31937
1.49267
1.60833
1.65727
1.3165
1.30838
1.2616
1.14641
1.40755
1.2625
1.3271
1.04606
1.30696
1.49118
1.18257
1.36437
0.997586
1.1561
1.4573
1.12082
1.18073
0.997931
1.00279
1.28885
1.18509
1.43094
1.1774
1.03239
1.22711
1.63091
1.41747
1.16182
1.3383
1.19899
0.998055
1.53698
1.42577
1.18414
1.08143
0.997605
1.37117
1.21655
1.15283
1.05262
1.00146
1.08875
1.45882
1.31506
1.31434
1.19217
1.14413
1.14161
1.43933
1.55856
1.30328
0.997851
1.19877
0.999943
1.33066
1.36069
1.96294
1.16802
1.47083
1.47467
1.21708
1.37173
1.39554
1.11746
1.38491
1.15239
1.24372
1.21591
1.30379
1.00108
0.997427
1.5728
1.39581
1.19716
1.22518
1.00375
1.17461
1.16054
1.24029
1.40953
1.00498
1.00343
1.49137
1.36273
1.17129
1.11546
1.34338
1.25416
0.997682
1.39162
0.999603
-1.00027
-1.00068
-1.00237
-0.996995
-0.997673
1.02379
1.86209
1.14695
1.06022
0.998675
1.00292
1.00245
1.00039
1.00247
1.0889
0.999332
1.07607
1.0002
1.2593
1.1618
1.17645
1.07332
0.999309
1.54156
0.997921
1.04774
1.17614
1.13144
1.26603
1.29765
1.29412
1.47544
1.06647
1.00624
1.27169
1.19055
1.19286
1.11057
1.35399
1.06607
1.2035
0.999383
1.27916
0.998289
1.00252
1.48386
1.08562
1.29938
1.54391
1.17056
1.21496
1.2113
0.998952
1.51813
1.77143
1.54911
1.33436
1.68572
1.36155
1.28907
1.31257
1.00262
1.12526
1.47656
1.21337
1.52137
1.29635
1.02605
0.998686
1.00227
1.17748
1.42382
1.32508
1.32258
1.03023
1.1232
1.25185
1.18024
1.03897
1.20643
1.29447
1.2595
1.05264
1.13159
1.0034
1.24139
1.39474
1.00055
1.19335
1.51716
1.00108
1.15985
1.08381
1.74548
1.52212
1.20741
1.52405
1.38746
1.32279
1.31773
1.22651
1.19603
1.28285
1.47458
1.56698
1.45068
1.39782
1.29076
1.25771
1.33902
1.34016
0.997196
1.4516
1.19636
0.996073
1.15488
1.32826
1.35157
1.18973
1.23685
1.11668
1.26341
0.999333
1.18467
0.999001
1.38501
0.997063
1.10698
1.54261
1.16279
1.00118
1.17303
1.40972
1.194
0.997683
1.15224
1.35042
1.04026
1.37454
1.46175
1.37413
1.22411
1.45072
1.28139
1.25857
1.43352
1.23445
1.12429
0.997945
1.3525
1.13157
1.404
0.996678
1.00292
0.998171
0.996383
1.43518
1.49776
1.14861
1.34466
1.1651
1.58511
1.35296
1.33665
1.25293
1.42987
0.99931
1.54812
1.38217
1.24192
1.19646
1.47244
1.26063
1.25152
1.2429
1.45063
1.62535
1.20333
1.24382
1.43838
1.30553
1.28623
1.501
1.54309
1.25711
1.43009
1.27576
1.3305
0.999855
1.08237
1.50908
1.2976
1.25413
1.02105
1.24448
1.34897
1.25941
1.36463
1.36423
1.27471
1.32293
1.38663
1.59167
1.30374
1.29348
1.30592
1.07399
1.51526
1.59299
0.997511
-1.00017
-0.995339
-0.997219
-0.997136
-0.99654
1.70931
2.29601
2.0995
1.85321
1.36825
1.80527
1.99251
1.65838
1.78763
1.48083
0.999381
1.00217
1.49672
1.0881
0.999095
1.00455
1.41483
1.20443
1.01154
1.02758
1.39251
0.998694
1.19944
1.37822
1.64718
1.30612
1.28468
1.00362
1.62811
1.28544
1.27631
1.17395
1.01735
0.999353
1.43086
1.36706
1.07568
1.0023
1.1916
1.35768
1.07361
1.55981
1.28419
0.997274
1.07078
1.23685
1.00259
1.44229
1.35208
1.41401
1.37529
1.10641
1.12281
1.43771
1.22783
1.5712
1.55916
1.4671
1.26907
1.46835
1.22201
1.15615
1.28548
1.42123
1.47236
1.30125
1.3211
0.997677
1.5031
1.50071
1.12559
1.13619
1.39303
1.26291
1.21912
1.37492
1.12773
1.57708
1.01819
1.09908
1.5209
1.30346
1.19022
1.25249
1.07634
1.35369
1.2469
1.29459
1.05867
1.48301
0.998468
1.03337
1.3487
1.23223
1.19105
1.0019
1.0617
1.12994
0.997488
1.18989
0.999264
1.25142
1.42898
1.06829
0.996706
0.996074
1.21447
1.39359
1.03261
1.29647
1.16062
1.09971
1.01105
1.04882
1.1464
1.5325
1.5291
1.47176
1.08506
1.00381
1.49294
1.01625
1.49348
1.43551
1.40958
1.1655
1.19638
1.00264
1.20116
1.07189
1.32994
1.60004
1.05258
1.32327
1.18736
1.61286
1.22343
1.08083
1.24797
1.27369
1.27728
1.06886
1.24516
1.44603
1.38025
0.996656
1.13187
0.99709
1.09504
0.99758
1.21636
1.16794
0.99745
1.2366
1.07296
1.27651
1.34362
1.38604
1.37855
1.27659
1.22916
1.00079
1.00139
1.34706
1.0998
1.08726
1.37765
1.23329
1.23884
1.29626
1.63229
1.69369
1.5487
1.36053
1.04628
1.87125
1.26621
1.39062
1.34112
1.39006
1.40522
0.998657
1.29135
1.3942
1.19146
1.20167
1.18573
1.25952
1.29873
1.5719
1.32644
1.20777
0.99604
1.17045
1.31211
1.4892
1.41407
1.29752
1.48908
1.24734
0.996094
1.00197
1.3547
1.56902
1.0326
-0.999378
-1.00252
-0.996461
-1
-0.997756
1.02906
1.00112
1.23061
1.12653
1.00021
0.998818
0.99836
1.00003
0.998418
0.997731
0.998794
1.00106
1.20146
1.25451
1.39604
1.19478
1.0028
1.20628
1.29217
1.43614
1.44463
1.03608
1.44357
1.49479
1.15589
1.29879
1.20065
1.64957
1.18247
1.29356
1.19109
1.74394
1.04001
1.59879
1.24315
0.999786
1.21446
1.33984
1.27627
1.27955
1.41022
1.21809
1.14738
1.23314
1.30205
1.02071
1.11254
1.31321
1.23316
1.41029
1.17267
1.12442
1.03211
1.16649
0.997122
1.3075
1.41899
1.28656
1.03078
1.20168
1.67351
1.50438
1.29502
1.22128
1.20441
1.30557
1.40511
1.11981
1.32349
0.999652
1.32703
1.02654
1.34894
0.997591
1.28068
1.26805
1.11478
1.61609
1.06432
1.38952
1.27535
1.3122
1.27508
1.12186
1.27207
1.04711
1.44088
1.32737
1.07153
1.38454
1.22384
1.12337
1.00811
1.26775
1.05194
1.27627
0.997541
1.42684
1.02858
1.18647
1.34613
1.66379
1.1669
1.18269
1.15892
1.11949
1.65092
1.28918
1.33275
1.07096
1.43681
1.25948
1.30577
1.62887
1.08189
1.30562
1.30279
1.08508
1.01747
1.26442
1.04144
1.00163
0.995999
1.19832
1.2291
0.999811
0.997461
1.01861
1.00368
1.58616
1.23995
0.995828
1.11469
1.2927
1.18466
0.99908
0.998342
1.23126
1.00286
1.24725
1.05369
1.40821
1.33654
1.00289
1.15776
0.996765
1.0694
1.26457
1.40387
1.08624
1.13924
1.21991
1.27594
1.36533
1.55365
1.00774
1.06102
1.33535
1.08307
1.26035
1.45594
1.60101
1.27123
1.10473
1.18638
1.05191
1.20856
1.42985
1.31968
1.1151
1.32056
1.22148
1.24404
1.05731
1.12307
1.19986
1.05285
1.14674
1.00378
0.998071
0.996802
1.13755
0.997508
1.09529
1.27345
1.06607
1.55734
1.29512
1.56364
1.71255
1.20269
1.04207
1.06192
0.999153
1.35979
1.34171
1.41855
1.33879
1.16767
1.50568
1.52985
1.41469
1.00363
1.07031
1.05603
-0.998724
-0.997375
-1.00197
-1.00065
-1.00076
1.00068
1.17642
0.998644
1.24854
1.39389
1.59379
1.00291
1.00149
0.99992
1.1496
1.0027
0.998046
0.999285
1.00033
1.35869
1.23125
1.49862
1.11917
1.08712
1.67005
1.432
1.26516
1.05305
1.25368
1.04018
1.33896
1.37004
1.3861
1.51279
0.999077
1.21152
1.36868
1.13736
1.46413
1.42965
1.37892
1.06041
1.41572
1.25416
1.33185
1.1628
1.00834
1.40192
1.53111
0.995803
1.02476
1.33036
1.36418
1.04761
1.53521
1.62118
1.02984
1.49802
1.22318
0.99695
1.26815
1.68778
1.57938
1.3068
0.996563
1.22808
1.44622
1.05426
1.00343
1.45962
1.24097
1.31538
1.0019
1.54763
1.2096
1.30448
1.233
1.12143
1.10768
1.00368
1.17641
1.41559
1.03001
1.37004
1.59346
1.69007
1.28357
1.30819
1.39488
1.80451
1.00384
1.21117
1.08153
1.342
1.23563
1.08006
1.31556
1.00839
1.1635
1.25103
1.54782
1.17543
1.5581
1.40109
1.72605
1.07671
1.45142
0.997291
1.14049
1.11549
1.11048
0.998133
1.42052
1.00227
1.38703
0.999089
0.997514
1.13345
1.55447
1.06068
1.61675
1.7854
1.64243
1.11633
1.23648
1.28075
1.25071
1.29668
1.36157
1.21337
1.06566
1.26856
1.25192
1.52776
1.07492
1.01488
1.28979
1.06685
1.10638
1.61031
1.12052
1.45679
1.33677
1.48696
1.32893
1.2463
1.57909
1.41111
1.47401
1.4426
1.45604
1.20251
1.11434
1.17137
1.30994
1.03823
1.00294
1.19632
1.73694
0.997526
1.17417
1.45415
1.40191
1.06624
1.30175
1.19291
1.00603
0.996481
0.998551
1.00259
1.12855
1.2139
1.11387
1.33131
1.5183
1.49591
1.45199
1.0987
1.34273
1.2813
1.53762
1.14257
1.14688
1.2083
1.26348
1.32487
1.83835
1.10398
0.997068
1.00212
1.37828
1.00442
1.2361
0.998522
1.35533
1.26798
1.0034
0.999074
1.00382
1.13314
1.2347
0.996542
1.32745
1.18616
1.59315
1.51703
0.997356
1.50375
0.999157
0.998461
-0.998055
-1.00285
-0.999245
-0.997968
-1.00294
