1.3651
1.72417
1.76962
2.03754
1.78217
1.52685
1.00285
1.34983
1.00223
1.13477
1.00148
1.32297
0.997552
0.999941
1.09581
1.7274
1.02126
1.57786
1.34415
1.64668
0.998751
0.996131
1.03604
1.39582
1.30758
1.02319
1.27471
1.42031
0.998747
1.36531
1.29383
1.1423
1.24263
0.996526
0.997468
1.2218
1.07033
1.00412
1.02186
1.34273
1.32221
1.33357
1.18861
0.997682
1.30137
1.08804
1.17625
1.45323
1.45603
1.06834
1.17697
1.05848
1.23318
1.24291
1.40053
1.53032
1.29259
1.12416
0.998947
1.63976
1.32747
1.00264
1.21304
1.10867
1.25916
1.25486
1.4472
1.20974
1.19967
1.21534
0.998926
1.39841
1.15356
1.07104
1.00129
1.43787
1.19274
1.49348
1.21843
1.28355
0.999804
1.03636
1.38295
1.51338
1.1306
1.06172
1.21035
0.996327
0.996842
1.17083
1.20621
1.05397
1.00559
1.60524
1.11587
1.2493
1.39893
1.18031
1.09705
1.05983
1.23123
0.998496
1.43106
1.20621
1.08366
1.51885
1.19756
1.46101
1.26387
1.10198
1.2557
0.997431
1.2006
1.15423
1.48213
1.34686
1.34854
1.39312
1.26122
1.20999
1.30695
1.11119
0.99859
1.03929
1.31751
0.99994
1.14347
1.20261
1.06443
1.58006
1.35412
1.57518
1.41459
0.997641
1.13836
1.00439
1.00299
1.00199
1.2743
1.06467
1.37306
1.1779
1.01011
1.35597
1.20743
1.00096
1.10694
1.37099
1.33334
1.45484
1.24565
1.15269
1.08291
1.25446
1.14085
1.17362
1.07858
0.997287
1.07304
1.00236
1.19325
1.02074
1.14527
1.12542
0.996758
1.4151
1.00164
1.06131
1.12956
1.15004
1.19707
1.06213
1.24554
1.04969
1.5224
1.21178
1.17352
1.21853
1.31324
1.60566
1.26226
1.0672
1.31099
1.15666
1.08756
1.04534
1.18377
1.08875
1.14709
1.00161
1.0832
1.14184
1.34854
1.07258
1.08338
1.15651
1.23397
1.00396
1.0018
1.01286
1.00954
1.22904
1.51547
1.62563
1.0025
-0.998023
-0.997571
-0.997578
-0.996689
-0.998048
1.00181
1.34685
0.996327
1.71167
2.02399
1.67101
1.38795
1.49382
1.4631
0.998905
1.6454
1.51021
0.99915
1.16222
1.0029
1.19643
1.10788
1.00055
1.12212
0.998593
0.999791
1.00235
1.00051
1.00955
1.00445
1.06187
0.998241
0.99918
1.11272
1.31886
1.33906
1.38762
1.00297
1.27888
1.00146
1.26857
1.28516
0.997836
0.996732
1.20554
0.9973
0.997941
1.00829
1.28832
0.999291
1.15935
1.23014
1.61123
1.51154
1.63528
1.37992
1.00216
0.996623
1.13796
1.19133
1.04439
1.17771
0.999769
1.28231
1.71801
1.48496
1.14694
1.37847
0.997221
1.0769
1.11777
1.25224
1.25199
1.24847
1.57557
1.04675
1.39553
1.25602
1.15181
1.07019
0.997562
0.998932
1.25498
1.33597
1.38942
1.02945
1.00228
1.34747
1.61959
1.52859
1.45479
1.33967
0.997743
0.998902
1.36055
0.997481
1.05749
0.996577
1.23869
1.13603
1.56032
1.55047
1.64161
1.33894
0.997004
1.16996
1.22196
1.4528
1.16485
1.12418
0.99718
0.995443
1.7142
1.58802
1.51853
1.00206
1.02498
1.01125
1.0024
1.12929
1.45656
1.04531
1.55833
1.15903
1.50866
1.36932
1.21517
1.15921
1.23373
1.09937
1.20811
1.39073
1.29907
1.08434
1.31287
1.28766
1.79128
1.63279
1.62722
1.05068
1.23096
1.01977
1.14772
1.06761
1.06291
1.0563
1.1612
0.995263
1.33638
1.54486
1.60643
1.34199
1.15181
1.21079
1.36497
1.51421
1.10914
0.996521
1.06095
1.22669
1.81274
1.60729
1.16943
1.33662
1.00248
1.00231
0.999033
0.998062
1.3554
1.32166
1.55968
1.35164
1.59868
1.29623
1.27712
1.14686
1.08198
1.02334
1.14476
1.16417
1.14403
0.997429
1.07763
1.2478
1.59979
1.61431
1.4408
1.27413
1.09988
1.05618
1.02802
1.00352
1.00141
1.06408
1.29858
0.998067
1.59847
1.48801
1.57494
1.20098
1.02969
1.00907
1.14704
1.42685
1.14088
1.04268
1.05006
1.05783
1.82753
0.99879
-0.997974
-1.00173
-0.997262
-0.995567
-1.00006
0.99838
0.999236
1.33864
1.64008
1.30394
0.998577
1.07075
1.1504
1.72005
1.64727
1.97336
2.64982
2.26425
1.72582
2.52631
2.6818
2.10093
1.86078
2.40051
2.24387
2.24184
1.84536
1.66438
1.98375
2.30019
1.70243
1.7472
1.3935
2.04428
2.0374
1.87251
1.78133
1.61185
1.91021
1.86376
1.9118
1.67444
1.96054
1.8455
1.55881
1.62403
1.62733
1.71694
1.525
1.39405
1.50637
1.78487
2.08113
1.70775
1.53657
1.7534
1.8095
1.98042
1.9703
1.90902
1.49764
2.12465
1.81131
1.89242
2.08733
2.28964
1.8419
2.17223
2.08742
1.98816
1.76288
1.90435
1.86351
2.02367
2.44184
1.87273
2.32673
2.47563
2.27234
2.10523
2.10968
2.08854
1.81535
2.07133
1.52805
2.05577
1.74949
1.477
1.86363
2.10973
2.02796
1.95556
1.92194
2.04282
1.82843
2.23016
2.01816
2.04943
1.5131
1.60306
1.55503
1.29481
1.7303
1.48959
1.64765
1.48254
1.46631
1.8923
1.81021
1.9327
1.78237
1.96875
1.85307
1.91161
1.8437
1.97397
1.96107
1.3157
1.70539
2.03785
1.36939
1.72054
1.56331
1.57534
1.51812
1.44383
1.62343
1.84438
2.04455
1.63999
1.55975
2.34155
1.98743
2.26095
2.00173
1.71887
1.68363
2.15006
1.85756
1.91638
2.04735
1.77643
1.97287
2.03811
1.49581
1.6684
1.74576
2.24235
2.2171
1.85037
2.01741
1.66833
1.58559
1.74922
1.78771
1.82148
1.90024
1.72201
1.79562
1.44481
1.49438
1.67168
1.9232
1.63832
1.73329
1.77373
2.17062
2.08547
1.80143
2.11084
1.7042
2.13197
1.7444
2.01345
1.82712
2.20999
2.09238
1.41912
2.22928
2.11893
1.92169
1.77774
1.50584
1.48731
1.83719
2.24928
1.92439
2.2652
2.21101
2.12377
2.46223
2.45891
2.31073
1.90942
2.37164
1.92549
1.62157
1.61106
1.46714
1.89646
2.12245
1.76011
2.02137
1.95925
2.03681
2.01125
1.94676
2.24412
2.14918
1.13922
-0.99868
-1.00159
-1.00246
-1.0005
-0.999975
1.04699
1.0662
1.53647
1.0037
2.06194
1.24088
0.997829
0.997233
1.00144
1.70731
1.29771
2.15442
1.57974
1.41779
1.56534
1.38061
1.60985
2.31075
1.68964
1.70565
1.42607
1.49744
1.93621
2.39173
1.66955
1.72643
1.4194
1.69105
1.50182
2.37441
1.77419
1.828
1.60873
1.88055
1.55665
1.89784
1.38456
1.14686
0.997485
1.29579
1.49405
1.76405
1.80409
1.66953
1.38936
1.33608
1.83178
1.94228
1.78592
1.75184
1.68197
1.27813
1.85006
1.97261
1.66243
1.77528
1.47147
1.49437
1.56654
1.85491
1.81875
1.56025
1.68424
1.42226
1.88786
1.78898
1.25818
1.41443
1.47133
1.35337
1.50509
1.8073
1.86649
1.70352
1.41314
1.36702
1.62302
1.94361
1.78491
1.53343
1.49529
1.13549
1.36674
1.52606
1.80114
1.73074
1.41954
1.59537
1.89353
1.90652
1.63252
1.43347
1.09314
1.36168
1.78832
1.71225
1.81485
1.77578
1.67302
1.44444
1.62232
2.00068
1.41668
1.54966
1.49564
1.62551
1.64438
2.1308
1.96895
1.5449
1.78628
1.44841
1.6863
1.64326
1.45216
1.78656
1.44477
1.18822
1.58703
1.817
1.8852
1.77999
1.71933
1.69834
1.72348
2.02936
1.82354
1.64593
1.2955
1.30604
1.55527
1.81332
1.65665
1.45238
1.46699
1.41367
2.0858
2.02318
1.69083
1.66163
1.50812
1.20062
1.7813
1.56775
1.73288
1.38347
1.40654
1.4084
1.61566
1.76228
1.38926
1.53874
1.44036
1.51165
1.67146
1.90034
1.73652
1.43254
1.68377
1.25623
1.69625
1.97768
1.38481
1.71943
1.35493
1.36727
1.58363
1.76924
1.91069
1.67161
1.70284
1.70051
1.72347
1.99016
1.60583
1.49585
1.4595
1.3456
1.59905
1.92162
1.81012
1.30705
1.63855
1.29696
1.85191
2.11013
1.88474
1.76082
1.52323
1.22853
1.97379
1.94755
1.57523
1.75211
1.38138
1.47153
1.5807
1.61635
1.3808
1.77472
1.79101
1.54377
1.60236
2.17143
1.19863
-0.995565
-1.00227
-0.998149
-0.999291
-0.998616
0.998255
0.998957
0.999841
1.25848
0.999596
0.999972
1.00106
1.00155
1.00041
1.10229
1.00113
1.52348
1.00178
1.00153
1.19222
1.25009
1.9275
1.59116
1.41073
1.92429
1.69128
1.89543
2.25899
1.16221
1.86466
1.57549
1.51897
1.70017
1.87736
1.38678
1.82242
1.96167
2.36054
1.9144
1.95987
1.81826
2.39563
2.15351
1.96675
1.54657
2.01262
1.32259
2.08061
1.93757
1.99651
1.70718
1.99442
1.92096
2.30022
2.02639
2.20205
1.76138
2.54855
1.75472
2.18207
1.61279
2.24954
2.19695
2.03886
1.94788
2.33539
2.0508
1.83225
1.91832
1.64657
1.86607
2.50905
1.63758
1.83211
1.52348
1.93569
1.09288
2.06098
1.48882
1.64912
1.54541
1.91673
1.50234
1.85826
1.45298
1.64104
1.74669
1.92941
1.46124
2.08944
1.94162
1.41862
1.27148
2.07989
1.43887
1.56759
1.54018
1.3723
1.9098
1.66025
1.68061
2.05941
1.90927
1.7761
1.45513
1.77531
1.76307
2.28065
1.85385
1.49168
1.64589
1.74023
2.05886
2.55342
1.89193
2.07783
2.15158
2.10907
1.57605
1.60416
1.47339
1.83643
1.56179
1.76217
1.43821
1.7151
1.65576
1.87092
1.53013
1.9107
1.35617
1.87203
2.02733
1.86892
1.57492
1.83014
1.67019
1.86641
1.80001
1.80923
1.89667
2.22932
1.91494
2.13942
1.8789
2.17372
1.91155
2.26612
2.02875
1.99932
2.22275
2.063
2.05641
2.17591
1.89921
1.98153
1.37222
1.92099
1.77008
2.25189
1.6147
2.14911
1.93176
2.25261
2.42153
2.29418
1.95173
1.98688
2.22944
2.00186
1.93998
1.704
1.60116
2.35543
1.96365
1.32894
1.75743
2.05442
1.33217
2.00741
1.49887
1.75332
1.94694
1.73804
1.59246
1.79973
1.85183
1.43176
1.41317
1.6314
1.2812
1.8358
1.80204
1.7494
1.69135
1.75035
1.69843
1.9084
1.64329
1.94991
1.82395
1.62002
1.00652
1.77442
1.65973
1.80946
1.35166
1.68335
1.64362
0.999259
-0.997623
-0.998048
-0.997421
-0.998725
-1.00017
1.00357
0.996299
1.00389
1.00218
1.32297
1.00023
1.28135
1.42549
1.56019
1.31603
1.02061
1.6794
1.51057
1.59958
1.32273
1.91546
1.44894
1.10605
1.62639
1.62322
1.90398
1.30407
1.46735
1.5548
1.9301
1.69592
1.98487
1.68232
1.57283
1.72449
2.15403
1.57278
1.35983
1.63074
1.41336
1.62096
1.73027
1.13055
1.5699
1.64632
1.28447
1.47442
1.7757
1.44865
1.6491
1.52397
1.45075
1.82323
1.80795
1.32074
1.13419
1.30224
1.13669
1.13053
1.53483
1.42554
1.57921
1.28735
1.15544
1.16745
1.55353
0.9992
1.18941
1.08081
1.0912
1.25978
1.35532
1.04749
1.4061
1.10166
1.1765
1.41716
1.64053
1.72229
1.46861
1.25065
1.27135
1.1934
1.36062
1.61529
1.50865
1.28971
1.19429
1.45425
1.70166
1.47664
1.09538
1.06489
1.38408
1.18996
1.41062
1.14059
1.36844
1.19523
1.26468
1.21748
1.28627
1.08972
1.21256
1.27119
1.20173
1.5708
1.44949
1.47728
1.31668
0.998833
1.2292
1.26172
1.42449
1.33929
1.03026
1.00282
1.18239
1.00256
1.29415
1.15161
1.36712
1.25163
1.2269
1.20706
1.54824
1.13874
1.06059
1.18586
1.06533
0.998587
1.68339
1.35601
1.31782
1.29985
1.33121
1.34048
1.67332
1.28421
1.26144
1.28234
1.2258
1.00038
1.41671
1.47454
1.58629
1.18618
1.27251
1.42451
1.59662
1.47345
1.21089
1.02939
1.41559
1.18127
1.42589
1.29909
1.33978
1.23953
1.29131
1.50892
1.5452
1.23337
1.04437
0.997448
0.996324
0.996883
1.38845
1.02168
1.61837
1.09597
1.00123
0.995497
1.59631
1.03474
1.02481
1.23421
1.23738
1.49538
1.57044
1.54408
1.43256
1.05427
1.21532
1.27802
1.38336
1.39662
1.22998
0.995873
1.00192
0.997257
1.25795
1.34305
1.16068
1.13978
1.19324
1.24669
1.69006
1.50133
1.40252
1.16251
1.15543
1.11779
1.54891
1.58343
1.48733
1.29966
1.03049
1.08105
1.25527
-0.996618
-0.998403
-0.998405
-1.00004
-0.99671
0.997262
1.00418
1.00114
1.42618
1.41189
1.12893
1.00195
0.998832
1.00108
0.999771
1.00002
1.44216
1.39015
1.15475
1.00356
0.998175
0.997863
1.26673
0.997411
1.00003
0.99906
0.999396
0.997151
0.999716
1.38189
1.13631
0.999196
1.00092
1.00079
1.29371
1.60115
1.59588
1.96692
1.34755
1.67389
2.15857
2.01152
1.4437
1.43038
1.4918
1.94799
1.75179
1.66261
1.42715
1.57335
1.82419
1.67406
1.89766
2.43037
2.3205
2.29675
1.65991
1.86443
2.02304
1.65273
1.34148
1.19311
1.4163
1.35982
1.50434
1.85884
1.3882
1.01931
1.45549
1.63175
1.94523
1.77789
1.41195
1.80795
1.30291
1.2896
1.65974
1.43323
1.27448
1.09217
1.24682
1.60404
1.77131
1.60037
1.50754
1.62961
1.45665
1.50221
1.75268
2.0383
1.57805
1.21781
1.3754
1.67714
2.09952
1.78834
1.27595
1.80839
1.51466
1.39377
1.67926
1.70575
1.57898
1.41972
1.51197
1.98505
2.038
1.72818
1.75981
1.42849
1.27799
1.31488
1.6991
1.97834
1.33669
1.06664
1.28857
1.86075
2.33958
1.99063
1.6584
1.6397
1.32962
1.43664
1.88415
1.7625
1.45538
1.19209
1.25392
1.88036
1.72235
1.4534
1.44522
1.42905
1.28499
1.25258
1.83542
1.94222
1.49853
1.07463
1.36173
1.52498
1.63438
1.80913
1.38258
1.43496
1.37726
1.07359
1.7129
1.98791
1.80028
1.35076
1.62033
1.97846
1.90346
1.90298
1.51565
1.5004
1.48203
1.37384
1.38046
1.91517
1.48589
1.00422
1.25866
1.82841
1.97779
1.97584
1.80617
1.86128
1.5132
1.38897
1.71007
1.90277
1.41231
1.18254
1.50545
1.83437
2.06072
1.60991
1.40791
1.65951
1.79619
1.58687
1.78439
1.95093
1.57071
1.22179
1.44266
1.65002
1.73
1.67605
1.34014
1.66521
1.39062
1.12724
1.79933
1.68605
1.5066
1.14838
1.32876
1.99307
1.8276
1.81501
1.42481
1.23841
1.25828
1.33933
1.55683
1.00155
-1.00018
-1.00136
-0.998502
-0.997287
-0.998171
1.00209
0.999474
1.00273
1.0003
1.38057
0.999636
1.12977
1.16525
1.69483
1.00033
1.00488
0.999453
1.00165
1.50058
1.35691
1.0749
1.00117
0.99737
1.41789
1.2526
1.99008
1.90579
1.85579
1.48584
1.69559
1.55462
2.3455
1.67199
1.57084
1.88961
1.21584
1.87304
1.61697
1.74422
1.794
1.44789
2.05524
1.78859
2.16063
1.96697
2.08017
1.81109
1.55968
1.94683
2.12682
2.26773
1.58244
1.11904
1.3164
1.44173
1.51827
1.82247
1.45165
1.67001
1.07025
1.64135
1.79358
1.72369
1.57552
1.76699
1.76427
1.57562
1.40612
1.68522
1.74707
1.26526
1.28364
1.58404
1.47514
1.46164
1.52541
1.65181
1.4737
1.56326
1.83333
1.88864
1.49913
1.43956
1.60902
1.46891
1.81802
1.743
1.59777
1.68899
1.7029
1.30399
1.51359
1.54702
1.47854
1.47702
1.76033
1.51032
1.37747
1.64997
2.04389
1.35001
1.41688
1.50273
1.83559
1.82642
1.5852
1.24114
1.38694
1.14734
1.38358
1.44307
1.52368
1.51113
1.38463
1.48037
1.69356
1.42279
1.62354
1.67766
1.39774
1.23998
1.86884
1.78049
1.93538
1.65571
1.44232
1.46884
1.91853
1.6557
1.48263
1.39041
1.47309
1.10025
1.55193
1.55722
1.30889
1.62386
1.83706
1.51762
1.71999
1.83085
1.60597
1.83377
1.37847
1.34667
1.6662
1.36521
1.54683
1.28471
1.288
1.36986
1.40071
1.6734
1.67041
1.52876
1.65661
1.74795
1.51657
1.45131
1.70115
1.45683
1.60009
1.69089
1.91553
1.7397
1.4744
1.52767
1.35551
1.16431
1.74442
1.33507
1.64713
1.64848
1.28767
1.63178
2.22236
1.60715
1.58143
1.47056
1.63358
1.64119
1.67302
1.56344
1.47303
1.51383
1.45561
1.41814
1.74706
1.5312
1.25615
1.6309
1.44018
1.32689
1.87917
1.67772
1.36157
1.20244
1.39924
1.63648
2.00225
1.70922
1.54879
1.6195
1.58868
1.21901
1.50413
1.29402
1.28898
1.37998
1.00171
-1.00244
-1.00077
-0.996252
-1.00293
-0.998942
1.31748
1.35875
1.57817
1.96537
1.60995
1.67227
1.17771
1.83797
1.00046
1.73418
1.00028
1.25624
1.44331
1.72699
2.20934
1.75141
1.99598
1.3422
1.53083
1.66377
1.80108
2.11023
1.87123
1.81653
1.72644
1.82542
1.7907
1.77174
1.31097
1.49268
1.0025
1.17605
1.61763
1.36768
1.31218
1.65349
1.448
1.33487
1.77277
1.56859
1.64366
1.19988
1.26356
1.22985
1.86316
1.23423
1.49774
1.5198
1.34255
1.03711
1.7022
1.39854
1.61325
1.30943
1.37233
1.60622
1.80127
1.71915
1.78972
1.61313
1.40437
1.37984
1.85463
1.7083
1.98295
1.37743
1.5577
1.88134
1.78274
2.03896
1.61581
1.38179
1.17933
1.40799
1.29169
1.49772
1.79344
1.81478
1.49308
1.67708
1.6012
1.71794
1.72635
1.28127
1.41098
1.65658
1.76013
1.2952
1.81293
1.14101
1.21822
1.49236
1.6215
1.57806
1.55063
1.50749
1.62623
1.40128
1.37821
1.45734
1.22718
1.31129
1.41647
1.08808
1.6578
1.73449
1.73968
1.51281
1.45897
1.06865
1.79461
1.52566
1.90813
1.55004
1.4899
1.58335
1.80255
1.40538
1.41226
1.25624
1.22769
1.00341
1.74279
1.27852
1.6554
1.1902
1.67655
1.42169
1.58009
1.39263
1.65748
1.45153
1.53052
1.60539
1.72105
1.45245
1.31424
1.37944
1.51922
1.41136
1.76813
1.54429
1.98943
1.5984
1.51835
1.51618
2.10107
1.82577
1.84272
1.1577
1.51568
1.5648
1.8189
1.60691
1.63701
1.60776
1.43552
1.45011
1.46059
1.39486
1.75827
1.65432
1.63239
1.40301
1.9496
1.67883
1.54641
1.18759
1.4747
1.18328
1.85274
1.51866
1.91578
1.43797
1.50924
1.2498
1.53728
1.67165
1.60896
1.74681
1.78434
1.69403
1.63151
2.06988
1.77699
1.54486
1.29462
1.45691
1.62234
1.59823
1.90508
1.65213
1.33313
1.39853
1.11731
1.26194
1.6871
1.42756
1.61464
1.56633
1.7398
1.24645
1.63913
1.30938
1.00303
-1.00022
-0.997531
-0.999762
-1.0002
-0.9984
1.00036
0.996966
1.78465
1.15606
1.37053
1.07349
1.38292
1.50634
1.80355
1.75638
1.49304
2.08748
1.60881
1.9138
1.73539
1.72246
1.6555
1.34695
1.64045
1.79077
1.39245
1.60152
1.74213
1.79526
1.93611
1.82042
1.36297
1.56428
1.8454
1.97691
2.21353
2.00753
1.8358
1.48228
2.22063
1.81804
1.52401
1.64533
1.28341
1.28542
1.78037
1.32969
1.53278
1.30442
1.51756
1.11635
1.76409
1.59346
1.21963
1.32729
1.23595
1.08679
1.26459
1.59774
1.59649
1.67955
1.60912
2.00466
1.9087
1.87367
1.70982
1.42671
1.55995
1.47539
1.39793
1.38257
1.71845
1.69655
2.0219
1.67807
1.5463
1.8935
1.47382
1.32764
1.36553
1.41697
1.61161
1.58666
1.63992
1.36897
1.35316
1.80728
1.93871
1.85134
1.99052
1.37579
1.83401
1.27855
1.62957
1.36781
1.37836
1.46667
1.77107
1.82459
1.58092
1.67626
1.7018
1.29724
1.49939
1.69646
1.9572
1.43854
1.15848
1.22257
1.22884
1.24436
1.47567
1.31537
1.09306
1.23417
1.41622
1.7553
1.37512
1.35303
1.34627
1.55058
1.5861
1.42458
1.742
1.64111
1.29764
1.23911
1.65261
1.12672
1.47233
1.59979
1.37318
1.11859
1.33389
1.84299
1.57188
1.33781
1.3002
1.41568
1.41756
1.608
1.95167
1.40449
1.45247
1.2448
1.33758
1.43882
2.08178
1.68369
1.77658
1.86391
1.52621
1.51479
1.61805
1.46237
1.71283
1.22224
1.33821
1.3715
1.55829
1.57792
1.43983
1.28708
1.36799
1.21225
1.50012
1.66764
1.26812
1.42768
1.65481
1.96254
1.68676
1.80228
1.69313
1.70571
1.86451
1.49468
1.53069
1.41937
1.55672
1.43409
1.75506
1.68231
1.60216
1.79821
1.54939
1.56894
1.63358
1.95039
1.44095
1.32474
1.38226
1.2281
1.88006
1.74519
2.10716
1.52365
1.70501
1.83871
1.97585
1.91521
1.81954
1.95815
1.74457
1.51449
1.59786
1.66565
1.62792
1.65258
1.22711
-0.996784
-0.998153
-1.00154
-1.00264
-1.00068
1.5059
0.998245
1.02936
1.82412
1.66
1.92564
1.29165
1.10047
1.23941
1.83169
1.06229
1.26889
1.86704
1.43259
1.65765
1.84413
1.80902
1.60307
1.69571
1.30002
1.19815
1.12562
1.02997
1.49268
1.55121
1.09389
1.11131
1.23774
1.00231
1.09216
1.06644
1.11932
1.26739
1.03581
1.00321
1.13036
1.07846
1.00351
1.00088
1.14634
1.32746
1.50559
1.57501
1.27068
1.27849
1.13804
1.03068
1.21002
1.25448
1.17324
1.00367
1.03388
1.07565
1.48573
1.45197
1.41208
1.35616
0.998082
1.25059
1.57319
1.38779
0.997875
1.00386
0.996872
1.17373
1.39672
1.41552
1.4247
1.20198
1.01956
1.20163
1.68764
1.20331
1.15415
1.09825
1.09747
1.33819
1.50946
1.44205
0.996517
1.08517
1.01313
0.998234
1.17279
1.12253
0.99623
0.999014
1.37566
0.99571
1.84744
1.37261
1.34862
1.06854
1.05869
1.14252
1.47054
1.36015
1.14355
0.999638
1.2198
1.0617
1.26441
1.58673
1.53582
1.35763
1.11829
0.996853
1.56388
1.18366
1.00398
1.20661
1.00318
1.00077
0.998042
1.3664
1.11511
1.07981
1.00134
0.999223
1.28506
1.09572
1.0071
1.21209
1.08261
1
1.46916
1.57993
1.28185
1.33324
1.13949
1.05041
1.47803
1.38372
1.17563
0.997306
1.00314
1.03809
1.40217
1.24622
1.28191
1.11885
1.17357
1.13672
1.40338
1.29737
1.18484
1.21544
0.997071
1.19332
1.22851
1.24759
1.05173
1.15667
0.996712
1.10955
1.23027
1.08941
1.13722
0.998158
0.997303
1.00178
1.90591
1.47129
1.30667
1.11715
1.03611
1.37793
1.69582
1.49019
1.00275
0.99898
1.00356
1.04314
1.25688
1.7446
1.58887
1.4805
0.997894
1.20868
1.50378
1.20025
0.998552
1.02594
0.999051
1.02748
1.33445
1.52791
1.06678
1.00395
1.0777
1.02951
1.23203
1.0555
1.16971
1.0576
0.999078
1.07117
1.60344
1.49414
1.39995
1.45439
0.995875
1.22744
1.40782
0.998773
-1.00149
-0.997838
-0.997588
-0.998481
-0.996477
1.28888
1.015
1.31901
2.19781
1.60804
1.28545
1.34854
1.66469
1.00204
1.07316
1.00366
1.33234
1.76474
1.51165
1.39234
1.66261
1.721
1.46394
1.1297
1.48588
1.55675
2.06471
2.02564
1.85185
1.64668
1.74989
1.73391
1.85257
2.0063
2.03106
1.81762
1.80014
1.80883
1.97252
2.09798
1.82992
2.06865
1.66659
1.71648
1.64207
1.8497
1.91578
1.93089
1.78023
1.8345
2.15497
1.97989
1.81468
2.0657
1.83301
1.68949
1.7456
1.83756
2.19335
1.8608
1.74969
2.04563
2.174
1.99147
1.77897
2.05071
1.47397
1.82142
1.73492
1.93367
1.85853
1.99529
1.88747
1.91782
2.32043
2.14687
1.9724
2.06318
1.77377
1.79016
1.59547
1.87387
2.11169
1.69522
1.77661
1.90282
2.17751
1.97134
1.87203
2.05351
1.63389
1.83396
1.70258
1.89222
2.12519
1.95131
1.7972
1.98406
2.20222
2.0147
2.05319
2.05927
1.83162
1.78584
1.6718
1.90015
2.19479
1.89715
1.65693
1.90535
2.27341
2.13176
1.88507
2.14415
1.48438
1.86058
1.88215
1.88438
1.86158
1.88801
1.79063
1.94355
2.32876
2.06614
1.90985
2.03308
1.87485
1.93204
1.69123
1.89107
2.08409
1.8409
1.89243
1.83051
1.97554
1.95374
1.84508
2.12607
1.69211
1.83396
1.70258
1.89222
2.12519
1.95131
1.7972
1.98406
2.20222
2.0147
2.05319
2.05927
1.83162
1.78584
1.6718
1.90015
2.19479
1.89715
1.65693
1.90535
2.27341
2.13176
1.88507
2.14415
1.48438
1.86058
1.88215
1.88438
1.86158
1.88801
1.79063
1.94355
2.32876
2.06614
1.90985
2.03308
1.87485
1.93204
1.69123
1.89107
2.08409
1.8409
1.89243
1.83051
1.97554
1.95374
1.84508
2.12607
1.69211
1.83396
1.70258
1.89222
2.12519
1.95131
1.7972
1.98406
2.20222
2.0147
2.05319
2.05927
1.83162
1.78584
1.6718
1.90015
2.19479
1.89715
1.65693
1.90535
2.27341
2.13176
1.88507
1.00315
-1.00148
-0.998048
-0.997363
-1.00214
-0.999243
0.999906
1.25477
1.46623
1.54788
1.24683
1.00045
1.22752
0.993764
1.00047
0.999872
1.00169
1.77502
1.00108
1.13965
1.0037
1.49422
1.63459
1.81057
1.27649
1.52948
1.89462
1.51054
1.92652
1.94308
1.47762
2.17384
1.37638
1.38252
1.9208
2.35728
1.9949
1.89892
1.47458
1.367
1.47917
1.86292
1.80332
1.25186
1.64092
1.58182
1.15735
1.47717
1.4787
1.30068
1.42006
1.33867
1.36352
2.06618
1.72558
1.62265
2.0543
1.54933
1.25947
1.61118
1.87934
1.23408
1.48225
1.56024
1.89615
1.60183
1.68988
1.81187
1.66787
1.30864
1.59102
2.0038
1.8911
1.73431
1.77514
1.76737
1.4255
1.8687
1.98826
1.74286
1.34136
1.43377
1.72232
2.02904
1.75327
2.06673
1.81797
1.70867
1.66177
1.99308
2.02885
1.81183
1.82441
1.37979
1.50235
1.88106
1.51775
1.81483
1.69599
1.50053
1.62805
1.90501
1.88132
1.67751
1.644
1.63634
1.67722
1.49693
1.58748
1.76035
1.89488
1.68963
1.80614
2.17965
1.954
1.66914
1.77114
1.41879
1.38046
1.58213
1.47967
2.02532
1.59486
1.51408
1.38022
1.9829
1.45108
1.21169
1.37491
1.75497
1.61824
1.68584
1.65939
1.80799
1.61871
1.82557
1.78852
1.85855
1.67959
1.67237
1.80546
1.31164
1.51158
1.73082
1.42826
1.94975
1.41783
1.32228
1.40475
1.95886
1.62473
1.38864
1.68271
1.5351
1.09417
1.64017
1.49586
1.72492
1.63537
1.44081
1.36403
1.81372
1.78774
1.68804
1.55394
1.6233
1.68012
1.753
1.56579
1.91261
1.9501
1.59058
1.45111
2.03262
1.87938
1.18124
1.33302
1.26513
1.76966
1.32191
1.85279
1.43772
1.70092
1.83129
1.58224
2.11575
1.96295
1.82622
1.95942
1.54325
1.32311
1.63127
1.63939
1.77782
1.67728
1.62809
1.77993
2.01144
1.88227
1.79805
1.67711
1.8162
1.69039
1.69355
1.48719
1.85173
1.8838
1.83418
1.9369
2.2134
1.00235
-1.05224
-1.00275
-1.2276
-1.00324
-1.00028
1.00045
1.00192
1.36471
1.26038
1.82858
1.439
0.999086
1.18514
2.07222
1.32373
1.0029
0.998513
1.00231
1.8613
1.959
1.4232
1.19675
1.29051
1.29292
2.20209
1.2105
1.66636
1.27831
1.39231
1.40912
2.05776
1.52157
2.12205
1.84489
1.75559
2.18142
1.81847
1.88105
2.19661
1.6658
1.43091
1.53109
1.46698
1.1726
1.07209
1.48908
1.65161
1.8444
1.77681
1.6246
1.56376
1.48483
1.57864
1.83447
1.97534
1.68093
1.87434
1.36468
1.42683
1.29398
1.90987
1.56992
1.7886
1.39677
2.04224
1.95432
1.99032
1.70335
1.72789
1.70977
1.94531
1.42853
1.94976
1.44335
1.70861
1.52641
1.42671
1.51009
1.61659
1.15477
1.75298
1.32669
1.32363
1.5519
1.69955
1.8313
1.15498
1.26281
1.4104
1.84978
1.73897
1.66241
1.8848
1.65847
1.52665
1.53029
1.78935
1.43912
1.68117
1.37395
1.68927
1.49633
1.61015
1.38112
1.54349
1.55431
1.61634
1.38084
1.98509
1.67872
2.07058
1.55259
1.86823
1.56319
1.95362
1.73944
1.82091
1.39808
1.39571
1.51928
1.51688
1.54793
1.62991
1.43217
1.60988
1.49858
1.6206
1.55827
1.73428
1.68377
1.42938
1.66387
1.6406
1.41204
1.48777
1.24016
1.57028
1.42408
1.58502
1.15107
1.20125
1.22462
1.23728
1.17501
1.60974
1.71949
1.75252
1.72543
1.74103
1.92974
1.85874
1.58527
1.7826
1.35225
1.02979
1.53477
1.52579
1.41013
1.18208
1.36714
1.31454
1.40029
1.47382
1.3893
1.46668
1.74209
1.89183
1.64735
1.57582
1.50466
1.84485
1.32343
1.25833
1.63378
1.28529
1.51114
1.82184
1.25084
1.45428
1.56688
1.69805
1.76542
1.9171
1.65203
1.67051
1.70641
2.12634
1.77222
1.89431
1.39867
1.33752
1.35363
1.18994
1.22495
1.48279
1.70191
1.38331
1.58439
1.71459
1.5951
1.56384
1.24055
1.57761
1.40869
1.70252
2.00212
1.59186
1.19224
1.45155
1.00004
-0.996197
-1.00284
-1.00352
-0.996024
-0.99766
0.999568
1.08361
0.999207
1.21798
1.00095
1.00223
1.00048
1.00187
0.999452
0.997472
1.00048
0.997561
0.997111
0.995942
0.99876
1.00284
0.999676
0.995666
0.996663
0.997712
0.999541
0.997729
0.997649
0.996361
1.47781
1.06961
1.3009
1.30618
1.04224
1.12105
1.32562
1.42692
1.15978
0.997881
1.41053
0.996358
1.27733
1.3768
1.20753
1.38701
1.32934
1.30022
1.42543
1.36173
1.12738
1.04723
1.1783
1.15252
1.18275
0.99649
1.26285
1.02957
1.07371
1.32903
1.64604
1.59119
1.30093
1.23518
1.46374
1.24215
1.48366
1.05841
1.3483
1.13214
1.26499
0.997183
1.15872
1.06966
1.32431
0.998272
1.10511
1.21358
1.09628
1.17652
1.05365
1.02676
1.36874
1.12942
1.79759
1.45665
1.03799
1.21082
1.10113
1.11022
1.31788
1.02562
1.38415
1.31163
1.02583
0.999903
1.35622
1.3308
1.47746
1.26481
1.51073
1.57051
1.35942
1.39099
1.52473
1.00361
1.16722
1.12797
1.67828
1.16131
1.22126
1.00363
1.17942
1.17829
1.73461
1.15646
0.997208
1.26983
1.20555
1.23221
1.52477
1.51498
1.15639
1.22091
1.11022
1.09066
0.997276
1.00207
1.1076
1.00395
1.06724
0.996124
1.56114
1.29777
0.998477
1.27837
1.21731
1.27002
1.50007
1.23061
1.75324
1.3042
0.999204
1.09109
1.43541
1.20464
1.4764
1.05123
1.45654
1.16747
1.27049
1.14056
1.15329
1.09963
1.44628
1.20237
1.99196
1.36591
1.19186
0.996357
1.29808
1.11494
1.57068
1.04093
1.19754
1.47051
1.11265
1.00025
1.00329
1.30633
1.49198
1.46131
1.40388
1.30487
1.08683
1.28637
1.52275
1.13828
1.05505
1.07894
1.76889
1.16322
0.997976
1.19455
0.997977
1.14855
1.45277
1.09218
1.08442
1.34772
1.16496
1.17303
1.62779
1.51461
1.20542
1.02337
1.36863
1.1469
1.1707
1.00953
1.26389
0.997507
1.19659
1.00046
1.62686
1.33936
1.25462
1.20072
1.50979
1.36892
0.999169
-0.999168
-1.00046
-1.00155
-1.00003
-1.00157
0.999549
1.00165
0.997974
1.1925
1.5644
1.44915
1.00422
1.46103
1.26378
1.95545
1.84788
2.03158
1.52732
1.1342
0.998189
1.06899
1.41233
1.82991
1.42089
1.67289
1.3889
1.52871
1.62535
1.16902
1.71289
1.0813
1.15502
1.21606
1.32395
1.41393
1.84774
1.43729
1.10461
1.71442
1.62499
1.8842
1.74688
1.4487
1.5097
1.47013
1.31841
1.63164
1.49496
1.44874
1.3701
1.45142
1.52514
1.78181
1.38673
1.38973
1.00285
1.108
1.65592
2.08317
1.76699
1.64529
1.73406
1.8171
1.74164
1.77324
1.92217
1.24535
1.44914
1.31792
1.05049
1.81495
1.71994
1.07843
1.36421
1.31446
1.15761
1.45379
1.91395
1.76389
1.49099
1.8121
1.48562
1.95931
1.5868
1.54022
1.08161
1.54178
1.65331
1.53155
1.66775
1.4495
0.999189
1.50201
1.56637
1.99377
1.75551
1.65181
1.37694
1.63074
1.882
2.20717
1.9197
1.58053
1.7527
1.28315
1.52924
1.8847
1.5759
1.46972
1.0898
1.25364
1.53945
1.78756
1.8674
1.2969
1.65023
1.5199
1.65491
1.80487
1.74597
1.75487
1.34862
1.53827
1.27311
2.10924
1.68924
1.18329
1.39286
1.44142
1.11532
1.37196
1.46489
1.13655
1.35323
1.47021
1.75107
1.81648
1.96022
1.73674
1.31817
1.56568
1.61183
1.48095
1.80103
1.65644
1.19607
1.62199
1.46319
1.38015
1.70773
1.55767
1.38271
1.2175
1.71745
1.92149
1.64899
1.95616
1.72176
1.66839
1.79321
1.79149
1.58798
1.70571
1.47471
1.21713
1.64495
1.78461
1.55105
1.60142
1.23775
1.54211
1.63433
1.67268
1.54088
1.72665
1.69203
1.50482
1.46351
1.68442
1.72076
1.54526
1.61817
1.46148
1.49121
1.73162
1.4961
1.09341
1.59798
1.57769
1.46527
1.60822
2.20631
1.79699
1.49183
1.72642
1.76931
1.84071
1.7605
1.60214
1.29373
1.68883
1.56446
1.35338
1.67933
1.7588
1.21131
1.38751
1.54064
1.65923
1.00405
-1.00321
-0.997779
-0.998254
-0.996953
-0.998021
1.00933
1.02461
1.61478
1.60255
1.82171
1.00247
1.00335
1.00207
1.00367
1.74518
1.06561
1.03805
1.40448
1.00155
1.00339
0.99862
1.00508
1.00242
1.12345
1.0006
1.00149
0.997137
0.999111
1.06213
1.37704
1.12367
1.43646
1.84427
1.83624
1.65365
1.72138
1.68404
1.52186
1.56953
1.54324
1.61557
1.4035
1.37521
1.1985
1.60561
1.88557
1.39501
1.16889
1.58545
1.52762
1.53944
1.88026
1.56525
1.37086
1.2231
1.29455
1.60693
1.67574
1.49259
1.97601
1.18427
1.34592
1.41787
1.44235
2.13369
1.84949
1.67519
1.71304
1.69656
1.80777
1.49888
2.0007
1.43157
1.59634
1.31009
1.8229
1.39144
1.56258
1.32968
1.5573
1.91372
1.89692
1.67387
1.66217
1.28536
1.64075
1.4372
1.57053
1.79153
1.69421
1.42499
1.69893
1.55045
1.57681
1.24209
1.68609
1.52759
1.40637
1.04564
1.83425
1.6704
1.96286
1.54312
1.37579
1.80571
1.95284
1.85413
1.89637
1.47804
1.54236
1.4656
1.60376
1.69988
1.58076
1.58804
1.45742
1.68598
2.03252
1.55233
1.52811
1.6355
1.51165
1.33985
1.84845
1.84504
1.68108
1.37643
1.30864
1.7241
1.82388
1.46313
1.55353
1.22426
1.39613
1.35682
1.40165
1.99884
1.76915
1.69884
1.84119
1.60554
1.86152
1.41098
1.99004
1.60012
1.45089
1.37214
1.75421
1.42143
1.74894
1.4332
1.67113
1.79778
1.83454
1.73202
1.51312
1.39624
1.80697
1.53125
1.86619
1.94271
1.69011
1.49757
1.44847
1.48792
1.85405
1.36511
1.52115
1.77631
1.70227
1.32329
1.63612
1.90874
1.99902
1.52933
1.63652
1.87651
1.90953
1.84925
1.94489
1.48172
1.56736
1.60568
1.41882
1.83833
1.562
1.35397
1.37333
1.77376
1.90367
1.36677
1.43052
1.55737
1.53388
1.31073
1.9382
1.78831
1.4968
1.48994
1.31333
1.6456
1.43036
1.4225
1.47143
1.00259
1.3407
1.35252
1.50276
1.78485
1.00133
-0.998086
-0.996384
-0.99866
-1.00052
-0.996939
0.999238
1.00033
1.17114
1.69836
1.91495
1.51773
1.07694
1.01896
1.76385
1.00197
1.37843
1.88844
1.65034
1.70856
2.68361
1.82384
1.97384
2.13758
1.74319
1.80614
1.43615
1.24085
1.03347
1.63007
1.80334
1.73665
1.72585
1.45869
1.78281
1.38246
2.11559
1.79173
2.14315
1.58904
1.91142
2.05547
2.33399
1.94019
1.57588
1.46419
1.57569
1.81992
1.3757
1.78826
1.87582
2.11654
2.30254
1.57214
2.14655
1.80303
1.69777
1.68018
1.68376
1.26464
1.78028
1.63064
2.0883
1.47974
1.29318
1.29165
1.88359
1.9691
1.9605
1.66645
1.90926
1.3657
1.43371
1.68241
1.77992
1.53999
1.34071
1.49117
1.9318
1.73382
1.54151
1.6996
1.80032
1.80273
1.72575
1.96182
1.82398
1.47046
2.01736
1.85103
1.68604
1.44974
1.65314
1.89614
2.05638
1.88263
1.78351
1.94488
1.79094
1.56634
2.16729
1.76355
1.93543
1.71901
1.8987
1.57606
2.20302
1.54051
1.83749
1.80333
1.98029
2.14606
1.55876
1.35323
2.11743
1.68766
1.70667
1.59758
1.93624
1.77437
1.8073
1.8023
1.66467
1.20983
1.38448
1.2865
1.96182
1.68717
1.34201
1.393
1.71259
1.8481
1.98211
1.79554
1.8355
1.68224
1.58162
1.87805
1.6928
1.77613
1.44885
1.43323
1.69007
1.70461
1.70264
1.95794
1.42281
1.75279
1.70345
1.62413
1.94698
1.72113
1.84859
1.81639
1.59213
1.5163
1.85072
1.68626
1.78112
1.60266
1.5546
2.01391
2.25139
2.0388
1.47502
1.78084
1.87924
1.53498
1.94234
2.03414
1.77213
1.67066
1.52184
1.44471
1.75841
1.73142
1.29124
1.32113
1.51882
1.65234
2.13925
2.01267
1.98072
1.76342
1.57797
1.96478
2.14617
1.84994
1.58485
1.4445
1.83909
1.79197
1.66776
1.76701
1.83245
1.93393
1.86364
1.84597
1.8965
1.73139
1.72163
1.38308
1.31607
1.45249
1.79835
1.54921
1.8678
1.36476
1.32109
1.93092
1.09842
-1.00177
-0.996538
-0.999048
-0.999271
-0.997672
1.00426
1.54732
1.27795
1.21768
1.76457
1.21217
1.00347
1.25256
1.33968
1.00686
1.00428
1.00127
0.999268
0.99933
1.34596
1.3761
1.15638
1.1876
1.30448
1.11057
0.999859
1.00031
0.998603
1.00098
1.29065
1.05224
1.58677
1.28702
1.51026
1.83121
1.00956
1.00181
1.40081
1.33591
1.34497
2.43685
1.55945
1.84754
1.68387
1.88936
1.37091
1.9857
1.53967
1.70766
1.99837
1.58277
1.29719
1.87178
1.61396
1.84178
1.72632
1.40318
1.61336
1.61394
1.75047
2.02104
1.58551
1.37199
1.55249
1.64988
1.42735
1.599
1.1128
1.53827
1.54177
1.26976
1.43612
1.85658
1.10226
1.71388
1.77867
2.12569
1.94685
2.0036
1.72014
1.57683
1.68676
2.27943
1.61762
1.42328
1.00122
1.32632
1.27234
1.46534
1.28534
1.58086
1.46696
1.20736
1.44494
1.87243
1.68108
1.18952
1.00191
1.23657
1.48679
1.47382
1.53083
1.60369
1.09586
1.25962
1.29028
1.74062
1.77442
1.21176
1.31431
1.58469
1.00297
1.54433
1.46934
1.36723
1.23471
1.09223
1.22955
1.89779
1.54584
1.57656
1.00257
1.43593
1.17361
1.4019
1.68053
1.64932
1.16207
1.13077
1.00277
1.57972
1.81876
1.22435
1.09742
1.14753
1.13396
1.53999
1.46785
1.55587
1.31504
1.05107
1.42872
1.76128
1.42805
1.22766
1.00001
0.996347
1.30006
1.41218
1.23463
1.12562
0.998394
1.04594
1.12469
1.93188
2.08336
1.45664
1.20275
1.34473
1.45413
1.35384
1.09804
1.56791
1.11222
0.997616
1.35462
1.91208
1.74384
1.13429
1.0238
1.38632
1.60122
1.31039
1.34178
1.49253
1.31092
1.31161
1.23686
2.00343
1.62145
1.25364
1.00302
1.08992
1.30741
1.22606
1.39138
1.61799
1.04203
1.37345
1.7316
1.76411
1.62459
1.54186
1.1687
1.40069
1.70512
1.66425
1.56089
1.43058
0.997062
1.35542
1.22851
1.72065
1.8089
1.38279
1.3952
1.23076
1.20709
1.49262
1.32671
-1.13211
-1.00161
-1.00141
-0.998169
-0.999788
1.00186
1.10406
1.35341
0.998929
1.89697
0.997169
0.996653
0.999537
0.998563
1.40977
1.35989
1.5761
2.27043
1.75282
1.7461
1.44537
1.22305
1.88098
1.72997
1.49319
1.52038
1.40254
1.33025
1.42845
2.00677
1.66059
2.07846
1.6446
1.94308
1.55968
2.10208
1.28833
1.73164
1.35916
1.42097
0.998642
1.63018
1.41282
1.67282
1.39077
1.36601
1.24622
1.69257
1.0924
1.34153
1.58028
1.39331
1.75873
2.33567
1.52058
1.68094
2.2032
1.73151
1.61672
2.06199
1.69862
1.40878
1.00031
1.33413
1.47822
1.74504
1.11847
1.41744
1.34181
1.32548
1.64128
1.71285
1.66192
2.05598
1.73688
1.82682
1.6096
1.88281
1.51438
1.73692
1.52058
1.70938
1.80027
1.44653
1.02606
1.517
1.36282
1.47583
1.39778
1.47357
1.3513
1.49785
1.04015
1.46553
1.33166
1.80566
1.5976
1.77888
1.41133
1.2835
1.57473
1.75363
1.0032
1.47651
1.42079
1.23969
1.21663
1.64146
1.31461
1.78617
1.50308
1.35792
1.71617
1.92191
1.37842
1.62367
1.07741
1.4907
1.52819
1.59295
1.43655
1.70619
1.23987
1.63707
1.29262
1.68702
1.31909
1.50461
1.4879
1.7026
1.2324
1.87994
1.44069
1.07887
1.09797
1.35035
1.00228
0.999004
1.01496
1.34375
1.3535
1.74587
1.17536
1.37174
1.57222
1.88518
1.4722
1.68762
1.41664
1.79745
1.55955
2.00509
1.34225
1.36968
1.43335
1.20427
1.08667
1.2881
0.996256
0.999156
1.37663
1.6154
1.33176
1.55428
1.34392
1.4711
1.17672
1.23506
1.2925
1.14709
1.03721
1.00104
0.997819
1.24014
1.43184
1.7479
1.48828
1.22435
1.25055
1.54318
1.25157
1.74498
1.36695
1.57052
1.56378
2.15991
1.26535
1.81403
1.25033
1.44018
1.0095
1.78737
1.44785
1.51291
1.10526
1.13754
1.08361
1.58893
1.29825
1.17628
1.60131
1.21836
1.35473
1.47952
1.44055
1.67076
1.06691
1.37908
1.50228
1.23809
-0.997267
-0.999578
-1.00046
-0.997371
-1.00032
1.268
1.41002
1.81754
1.70168
1.68763
1.95508
1.31084
2.25263
0.999674
1.5019
2.14671
2.08938
2.42027
2.2165
2.41423
1.70667
1.87129
1.69877
2.21317
2.23477
2.12859
2.07307
1.90516
2.09286
2.43494
2.28476
2.08088
1.79901
2.22792
2.25684
1.92191
1.62671
1.87308
1.92051
1.83709
1.67531
1.74102
1.76785
1.77836
1.78875
2.20704
2.37712
2.0869
2.09651
2.15263
1.7894
1.96135
2.37768
1.80656
1.94243
1.99423
1.84752
1.93808
1.70581
1.89313
2.08507
1.88049
2.01435
1.51035
1.85782
1.98221
1.98634
1.98284
1.95284
1.61792
1.97055
1.82107
1.91631
1.95198
2.10148
1.84107
2.03493
2.02014
2.06363
2.29935
1.96259
1.97151
2.13635
2.02397
2.21895
2.18469
1.88172
1.86475
2.13335
1.89071
1.94743
1.82252
1.82915
1.70338
2.0443
2.35538
2.26889
2.56138
1.86531
1.86791
1.93991
2.14905
1.99801
2.48247
2.19695
1.9204
2.29939
1.86228
1.95118
2.14037
2.32771
1.95455
2.5161
2.09087
1.90146
1.9037
1.86632
1.68937
1.79269
1.80979
1.81665
1.77593
2.12201
1.44101
2.14616
1.83823
2.03882
1.7132
1.80788
2.12326
1.95391
2.03274
1.86207
1.76341
1.59613
1.85443
1.63672
1.91062
1.75651
1.92961
2.30641
2.1383
2.33833
2.1256
2.16359
2.25447
1.72483
1.71344
1.81478
2.08321
2.24551
2.17085
1.63675
2.0705
2.47716
2.10337
2.1526
1.95374
2.39323
2.05913
2.28074
2.33898
2.15307
2.14099
2.3389
2.24116
2.15272
2.0734
1.82185
2.24397
1.72982
1.5612
2.0128
2.09538
2.19309
1.95323
1.90762
1.73803
1.88673
1.72375
1.84262
1.58315
2.12598
1.81666
1.78404
2.21552
1.5594
1.64342
2.07497
2.03204
1.94359
2.20011
2.00633
2.21851
2.04731
2.11591
1.95295
1.97258
1.49922
1.79203
1.58326
1.89084
2.10793
1.42545
1.79043
2.00918
2.39597
2.19665
2.17023
1.00049
-0.998469
-0.999084
-1.00008
-0.99855
-0.997592
1.02863
1.13347
1.44266
1.43271
1.45866
1.00189
0.9979
0.998985
0.997635
1.30402
0.999086
1.25627
1.49744
1.00436
1.26977
1.00276
1.00384
0.998575
1.24905
1.0047
1.32518
0.997806
1.0492
1.00156
1.0947
1.00053
0.997994
1.17704
0.998395
0.996114
0.997822
1.12596
1.26219
0.999395
1.00143
1.01361
1.25522
1.02752
1.27312
0.996497
1.0017
1.02619
1.27782
1.13188
1.21316
1.00229
0.996034
0.996667
1.49131
0.997862
1.32964
0.996854
1.0183
0.996548
1.08733
1.14289
1.2676
1.00255
0.996187
0.995129
1.15628
1.00367
1.02298
0.997925
0.998749
0.99652
1.13852
1.32962
1.0739
0.997284
1.02617
0.996816
0.997437
1.01041
1.59103
1.02871
1.02405
1.00374
1.20795
1.0001
1.09263
0.997313
1.24049
1.2543
1.16329
1.00267
1.00206
1.10355
0.99768
0.998793
1.33418
1.30149
1.03096
1.00114
0.996199
1.26021
1.00173
0.998493
1.15958
1.00347
0.995916
0.997285
1.30639
1.16203
1.614
0.998365
1.27934
1.4035
1.40841
1.24966
1.35975
1.02549
0.998675
1.00167
1.14341
1.14842
1.07583
0.997893
1.02682
1.05823
1.29418
1.15011
1.45457
1.13215
1.1102
0.996994
1.00012
0.999154
0.998163
0.998757
1.14371
1.13764
1.39239
1.10421
1.17478
1.00336
0.998852
0.999715
1.21641
1.10432
1.26891
0.997342
0.998697
0.998116
1.09973
1.00177
1.22021
1.59921
1.29711
1.10603
1.3314
1.52427
1.37132
0.999781
1.02262
1.20336
1.42181
1.00178
1.07952
1.09189
1.00365
1.00365
1.22691
1.08649
1.00162
1.27714
1.23444
1.34668
1.28301
0.997284
1.07222
1.00209
1.12377
1.08851
1.00367
1.05711
0.996943
0.998358
1.13213
1.20477
1.45006
1.20226
1.36858
1.00068
1.19399
1.12976
1.64243
1.60115
1.65824
1.00399
0.997854
1.01501
1.14078
0.996806
1.41597
1.1475
1.00297
0.998067
1.43253
0.997465
1.17338
1.17702
1.21127
1.24925
1.13876
-1.00027
-0.999955
-1.00328
-1.00115
-0.998765
0.997614
1.12048
1.0022
1.49493
1.57654
1.0199
1.00003
0.998411
1.00022
1.67025
1.203
1.35075
1.13016
1.00282
0.997995
1.00308
1.02312
1.43947
1.25215
1.14566
1.20065
1.00443
1.00264
1.00401
1.09907
1.11539
1.00426
0.998062
1.13506
1.61566
1.54806
1.23473
1.29134
1.40141
0.996911
1.34486
1.61616
1.37761
1.15781
1.00291
1.03797
1.33407
1.09086
1.08256
1.24584
1.36983
1.16216
1.03615
1.07138
1.00305
0.997637
1.02044
0.99718
1.69923
1.35346
1.24245
0.996834
1.13667
1.08671
1.64621
1.40612
1.12648
1.04023
1.00292
1.1536
1.23087
1.197
1.00469
1.00575
1.19474
1.1848
1.27171
0.997299
1.17694
1.00391
0.997043
1.11347
1.48067
1.2506
1.26669
1.20135
0.997536
1.12578
1.14271
1.42929
1.4651
1.16406
0.997958
1.00203
1.48169
1.10625
1.01068
1.20174
1.00176
1.13786
1.17437
1.31319
1.37969
1.00072
1.18549
1.18942
1.10847
1.6873
1.20981
1.01476
0.998342
0.996377
1.04083
1.19382
1.55384
0.997371
0.99693
1.00459
1.50306
1.20148
1.21689
1.14591
1.3383
1.3774
1.31381
1.43263
1.37479
0.998528
1.06489
1.11864
1.35597
1.36417
1.18865
1.24581
1.21327
0.99717
1.1693
1.09877
0.999621
1.12214
1.00269
1.10189
1.09459
1.00295
0.997979
1.09352
1.31591
0.995341
1.00266
1.18358
1.00491
0.996469
1.03244
1.13818
1.67851
1.08191
0.999058
1.10989
0.998083
1.32972
1.25785
1.41948
1.36558
0.999188
0.997914
1.14645
1.45359
1.02995
1.43012
1.09919
1.06856
1.10776
1.5244
1.36819
1.00186
0.996581
0.997372
1.26992
1.3722
1.12672
0.998963
0.99873
0.999706
1.00348
1.39183
1.07571
1.31292
1.34726
0.996875
0.999104
1.81476
1.17579
1.00247
1.14525
0.996756
0.997408
1.34709
1.67916
1.46503
1.04754
1.00357
0.998823
1.59304
1.34381
1.21038
1.12935
1.04132
1.00186
1.27307
1.00352
-0.996296
-1.00189
-1.00053
-0.997191
-0.996992
1.19959
0.99641
1.43638
0.999205
1.28744
1.07312
1.00226
1.00008
1.00392
1.00314
1.17716
1.00012
0.998132
1.08794
1.18941
1.10396
1.23841
1.21159
1.54314
1.16772
1.70992
1.72353
1.22514
1.08553
1.23248
1.34471
1.61254
1.18385
1.13914
1.18819
0.998218
1.05693
1.34155
1.15753
1.41896
1.21985
1.04528
1.02107
1.43538
0.998416
1.34273
1.00349
1.22674
1.53813
1.69105
1.40404
1.92985
1.1561
1.40631
1.05539
1.72664
1.4601
1.95101
1.32975
1.44071
1.43112
1.29267
1.0005
1.49119
1.36621
1.17254
1.37404
1.57555
1.0047
1.00292
1.0423
1.44772
1.13669
1.74763
1.37219
1.46957
0.999371
1.00255
0.998154
1.29598
1.13386
1.53396
1.00331
1.36754
0.998943
1.37641
1.36036
1.64252
1.3928
1.40673
1.25962
1.84459
1.26676
1.54511
1.05414
1.21184
1.0022
1.31286
0.99818
1.41181
0.998529
1.264
1.02587
1.61007
0.998916
1.24479
0.997704
1.35247
1.08557
1.80013
1.18838
1.38507
1.21013
1.2383
1.07779
1.22283
1.2157
1.38879
1.29673
1.17825
1.30009
1.23388
1.30266
1.67974
0.998255
1.14847
1.00307
1.73829
1.2605
1.55368
1.06527
1.32127
1.04251
1.3545
1.00241
1.37465
1.3529
1.19799
1.39301
1.5728
1.37791
1.12874
1.22701
1.28589
1.18685
1.60286
1.30132
1.56313
1.06573
1.02926
0.998766
1.28584
1.02487
1.51345
1.082
1.46093
1.00072
1.13669
1.35051
1.58609
1.30935
1.20055
1.4581
1.82814
1.23857
1.52888
1.04743
1.30803
1.25085
1.36173
1.0875
1.41485
1.07934
1.30198
1.15926
1.38538
1.09632
0.997517
1.0864
1.16783
1.12207
1.6334
1.11282
1.48214
1.18729
1.06901
1.06064
1.55105
1.0796
1.3607
1.15996
1.18563
1.06678
1.19399
1.23992
1.5849
1.189
1.09868
1.21025
2.07752
1.31395
1.35491
0.998182
1.21902
0.998111
1.26469
0.997124
1.15514
1.22945
0.996996
-0.998851
-0.998621
-0.998143
-0.999761
-0.997037
1.15695
0.999663
1.21716
2.01106
1.08985
0.998631
0.999502
0.997068
1.00082
0.998275
0.999906
0.999436
1.33784
1.33715
1.73739
1.68464
1.46488
1.56426
1.31021
1.61929
1.11218
1.82397
1.36714
1.59401
1.09093
1.04309
0.997913
1.02092
0.997537
1.00496
1.05622
0.99899
1.01285
0.99641
1.00324
1.51268
1.24329
0.999137
0.999764
0.997807
1.00091
0.999266
1.11694
0.999809
0.997334
1.09617
1.00128
1.0694
0.998969
1.00231
1.03864
1.00288
1.20382
1.41514
1.75227
1.36288
0.997514
1.03915
0.997636
1.09864
1.06483
1.04561
1.23362
1.22484
0.997907
1.14215
1.05932
1.31409
1.23399
1.2585
0.99901
1.26453
0.997732
1.14268
1.156
1.25669
1.13544
1.43105
1.14728
1.06793
1.05493
1.22407
1.12749
1.22163
1.31673
0.996994
1.21072
1.00435
0.996438
1.03584
1.13722
1.0845
0.996151
1.13193
1.1303
1.15775
0.998976
1.10641
1.13033
1.15642
1.1644
1.33066
1.34579
1.0037
1.02904
1.09393
1.06692
1.17796
1.45871
1.11925
0.997072
1.00016
1.00113
1.00279
1.00063
1.0739
0.998288
1.22351
1.03955
1.14728
1.1015
1.26714
1.06106
1.31651
0.999995
1.36885
1.11647
1.08349
1.00404
1.31989
1.01048
1.08649
0.997539
1.00719
1.0012
1.00261
1.02889
1.08233
1.11763
1.14358
1.10298
1.1032
0.995688
0.997127
1.00274
0.999057
1.19788
1.09373
1.20716
1.43043
1.34892
1.09482
1.1038
1.20065
1.0628
1.36214
1.12454
1.01112
1.1382
1.02666
0.99664
1.01423
1.31006
1.39509
1.19014
1.35418
1.15163
1.34039
1.00235
1.21337
1.20849
1.39683
1.19181
1.11665
0.996902
1.03795
0.996401
1.14312
1.00239
0.99763
1.31347
1.21789
1.2387
1.16638
1.00091
1.02549
1.2726
1.22462
1.00275
1.03198
1.04388
1.31813
0.998805
0.99769
1.00452
1.20258
1.07289
1.15485
1.27175
0.997544
1.16929
1.17411
1.06221
1.21596
0.998334
-0.999718
-0.995433
-0.997181
-0.997633
-0.998691
1.00008
0.998733
1.94791
2.28303
1.85993
1.20178
1.38175
1.11801
1.02055
1.00028
1.11496
1.25386
1.00319
0.997892
1.06278
1.00133
1.16473
1.60099
1.44002
1.39957
1.28159
1.57763
0.999429
1.18984
1.59994
1.43162
1.51675
1.43854
1.5374
1.60853
1.51682
1.03484
1.56877
1.55201
1.21938
1.37856
1.27054
1.16159
1.60749
1.27254
1.54564
1.52213
1.70813
1.91368
1.65781
2.05783
1.79739
1.69136
1.77654
1.70825
1.86966
1.23492
1.80676
1.73018
1.30849
1.50783
1.33937
1.03261
1.26114
1.71024
1.68539
1.62251
1.95213
1.27376
1.46666
1.5385
1.93247
1.31164
1.71895
1.36547
1.14409
1.69847
1.77379
1.36014
1.71823
1.88367
1.59453
1.73844
2.20842
2.00444
2.05068
1.89599
1.65224
1.68393
1.65974
1.41478
1.44634
1.61236
1.46696
1.02032
1.87209
1.48999
1.48049
1.4196
1.16394
1.06282
1.85614
1.77794
1.72623
1.38887
1.83592
1.49133
1.63702
1.33135
1.54184
1.34052
1.5911
1.10085
1.44695
1.83164
1.52172
0.99841
1.55581
1.17474
1.00868
1.25366
1.97224
1.48549
1.42926
1.43663
1.60294
1.97387
1.86356
1.64003
1.49861
1.65068
1.752
1.41919
2.09909
1.47518
1.1432
1.27502
1.58593
1.22989
1.60028
1.7181
1.62434
1.37651
1.61131
1.60256
1.57939
1.37224
1.56854
1.16474
1.9237
1.22369
1.3527
1.59171
1.38266
1.00002
1.33289
1.31271
1.4282
1.28076
1.51595
1.56468
1.36037
1.82248
1.96052
1.52827
1.58859
1.61502
1.65778
1.46884
1.59874
1.1128
1.56066
1.21653
1.51605
1.44275
1.62612
1.43958
1.2044
1.94053
1.84753
1.55726
1.60285
1.64891
1.57429
1.50324
1.81134
1.55699
1.64277
1.14615
1.19216
1.32886
1.43236
1.079
1.41021
1.16916
1.44362
1.10269
1.73899
1.62063
1.65108
1.87361
1.81891
1.73423
1.92194
1.78245
1.73409
1.3371
1.13663
1.08084
1.17032
-1.0008
-1.00221
-0.998405
-0.998005
-1.00287
1.00092
1.00253
1.00212
1.31532
1.29655
1.62496
1.00201
0.999654
1.52942
1.16528
1.74831
1.62738
1.2194
1.31151
1.33185
1.30106
1.69716
1.18678
1.15921
1.09166
1.26994
1.00095
1.00266
1.08398
1.10044
0.998698
1.36564
1.1013
1.2288
0.999939
1.09726
1.18782
1.22226
1.00337
1.37327
1.34639
1.00448
1.00361
1.24592
1.01156
1.60149
1.341
1.00024
1.2636
1.28562
0.997331
1.10977
1.49927
1.17358
1.1662
1.38608
1.17233
1.3429
1.16481
1.3046
1.61718
1.4305
1.67806
1.4432
1.13196
1.25526
0.997674
1.18273
1.23041
1.6278
1.49762
1.22966
1.2345
1.26422
1.13609
1.30216
1.32361
1.00271
0.998827
0.994699
1.07256
1.52804
1.49685
1.14387
1.15788
1.39922
0.995996
1.22511
1.20164
1.29136
1.11949
1.26545
1.63429
1.89979
1.47514
1.18237
1.1166
1.3597
1.48587
1.76702
1.72355
1.18923
1.86065
1.6609
1.09333
1.5991
1.26444
1.10452
1.29627
1.444
1.34117
1.64622
1.28503
1.06753
1.00375
1.04519
1.251
1.43799
1.24889
1.19943
1.23833
1.12443
0.998831
1.55339
1.40077
1.20302
1.0893
1.35042
1.17841
1.52438
1.27435
0.996275
0.998328
1.21025
1.45642
1.4613
1.41456
1.42597
1.42098
1.35707
1.28192
1.67794
1.45118
1.18733
1.42734
1.14088
1.26726
1.43711
1.44401
1.27797
1.16909
1.468
1.05208
1.54106
1.1662
1.31468
1.69251
1.26231
1.35054
1.3719
1.39862
1.28755
1.35952
1.38855
1.35861
1.62952
1.48093
1.37317
1.54444
1.28105
1.39294
1.23785
1.10339
1.25062
1.42173
1.44098
1.12881
1.36673
1.22224
1.39449
1.59487
1.25544
1.41973
1.4216
1.39452
1.41358
1.41582
1.44307
1.30062
1.4468
1.33476
1.14886
1.29687
1.21543
1.28859
1.46678
1.36701
1.26459
1.24791
1.45807
1.11453
1.4111
1.33636
1.44675
1.6589
1.25625
1.39088
1.39016
1.32315
0.997999
-1.00111
-0.996892
-0.996845
-0.998884
-0.998738
0.99997
1.05742
0.999248
1.02425
1.65988
1.00109
1.22762
1.0001
1.00315
1.43304
1.13465
1.38912
1.54557
2.10512
1.92821
2.05221
1.50087
2.06763
1.87767
1.5966
1.97431
2.03558
1.96276
2.29132
2.08643
2.22721
1.69272
1.78751
2.10077
2.13155
1.26863
1.47126
1.5591
2.04732
1.99554
2.00041
1.44967
1.59607
1.57778
1.49611
1.60975
1.90074
1.86704
1.76905
1.26997
1.55443
1.57287
2.16603
1.81967
2.18708
1.7215
1.31306
1.61033
2.16894
1.53546
1.55922
1.78372
1.88048
1.30367
1.99519
1.64125
1.46816
1.24827
1.47056
1.69912
1.66155
1.82766
1.91903
1.75649
1.47301
1.59624
1.98419
1.71125
1.88699
1.60536
1.38472
1.44833
1.8263
1.32305
1.53991
1.29087
1.65617
1.34374
1.93869
1.60902
1.65444
1.79106
1.59732
1.5515
1.99797
1.92381
1.74787
1.69652
1.62945
1.60573
2.10569
1.64432
1.5684
1.38006
1.4514
1.56112
1.59798
1.57806
1.89636
1.81822
1.54366
1.45048
1.95626
1.99028
1.77403
1.73748
1.59464
1.91447
1.91775
2.05776
1.95301
1.52945
1.3891
1.55008
2.04006
1.72136
2.04981
1.72633
1.32765
1.65008
2.13702
1.4739
1.84526
1.65483
1.69425
1.2354
2.09351
1.79925
1.62899
1.4327
1.51886
1.78441
1.56715
1.91029
1.96923
1.76428
1.61582
1.52749
2.11688
1.59516
1.92881
1.48642
1.4117
1.37409
1.80774
1.68366
1.47894
1.34257
1.642
1.46902
1.81413
1.85656
1.73274
1.72214
1.5574
1.6058
1.93614
1.92388
1.69468
1.62675
1.57623
1.5668
2.05789
1.77437
1.53197
1.29465
1.3754
1.41961
1.49302
1.49508
1.77269
1.69815
1.55391
1.67628
1.87892
1.54513
1.67744
1.79299
1.57097
1.66954
1.62203
1.81278
1.58499
1.31671
1.37065
1.38328
2.13708
1.66989
2.01573
1.73782
1.36481
1.55963
2.06268
1.66408
1.72084
1.65705
1.92791
1.29846
2.0481
1.3826
-0.999762
-1.0699
-0.997777
-1.00189
-1.00224
1.35459
1.12275
1.27193
1.3169
1.17974
1.00145
0.998894
1.00081
1.0025
0.999336
0.997936
1.00116
0.998413
1.00419
0.999205
1.00096
1.01352
1.00045
0.99726
1.00025
0.997099
0.997773
1.00452
1.02599
1.00102
1.00345
1.00214
1.6012
1.60282
1.99074
1.59014
0.999262
1.11263
1.10778
1.28052
1.48413
1.43349
1.2214
1.28876
1.15264
1.37782
1.43396
1.17943
0.999098
1.00442
1.05537
1.0002
1.00071
1.12059
0.997177
0.998142
1.19662
1.23701
1.37545
1.29472
1.37657
1.01498
1.00447
1.00322
1.50073
0.999448
1.00254
1.23858
1.08947
1.32271
1.26907
1.31309
1.12051
0.996795
1.00158
1.47763
1.59123
1.59964
1.36759
1.00208
1.1837
1.74302
1.81237
1.60172
1.3615
1.27804
1.64662
1.19952
1.55646
1.17237
0.997773
1.11556
1.20005
1.21462
1.43723
1.33622
1.30529
1.24447
1.05599
1.44911
1.47326
1.43621
1.18338
1.48987
0.99795
1.12969
1.4885
0.997095
0.999009
1.33618
1.18182
1.17026
1.2835
1.18737
1.12537
1.38482
1.42896
1.42941
1.1774
1.23413
1.00226
1.21787
1.27646
1.32103
1.00135
1.28611
1.17052
1.14277
1.27202
1.62835
1.52897
1.26886
1.47311
1.22542
1.24389
0.996493
1.25129
1.17469
1.1956
1.29982
0.996931
1.38857
1.0749
1.18202
1.07139
1.24652
0.999629
1.00022
1.42677
1.46526
1.40347
1.27545
1.24593
1.24812
1.09484
1.21154
1.10743
0.996994
1.28252
1.02649
1.25794
1.25614
1.40087
1.30655
1.11496
1.20832
1.26142
1.14958
1.1055
1.35643
1.40714
1.46076
1.40877
1.34038
1.09053
1.39889
1.07491
1.12812
0.997877
0.999523
1.39595
1.10938
1.11574
0.997658
1.41652
1.18117
1.43157
1.30941
1.34631
1.41614
1.2247
1.29755
1.229
1.31263
1.22664
1.40298
1.10559
1.40078
1.0348
1.19344
1.10289
1.22869
1.45484
1.48908
1.6017
1.14243
1.30268
1.28359
1.42685
0.997105
-0.999102
-1.00006
-0.999906
-1.00096
-0.998454
0.996862
0.996014
1.00017
1.00019
1.32596
1.08819
1.47815
1.28158
1.11471
1.39861
1.70734
2.07972
1.74148
1.36562
1.12366
1.46526
1.26508
1.74972
1.82464
1.81301
1.31578
1.45035
1.5659
1.77515
1.32701
1.4501
1.68158
1.48869
1.44693
1.68844
1.4583
1.68773
1.41882
1.78354
1.06951
1.73295
1.43471
1.80788
1.00274
1.20686
1.54714
1.57067
1.13267
1.52537
1.15277
1.33416
1.40089
1.86938
1.21497
1.45573
1.33127
1.19267
1.45001
1.44037
1.58795
1.70349
1.25267
1.67149
1.2017
2.02755
1.58611
1.94231
1.12012
1.58992
1.63571
1.89981
1.48538
1.72556
1.79232
1.57886
1.62969
1.81852
1.17369
1.72073
1.30907
1.32109
1.41213
2.02028
1.55974
1.93029
1.53821
1.4607
1.23412
1.49465
1.44195
1.88275
1.32762
1.19522
1.43878
1.74016
1.55576
1.40026
1.59099
1.42473
1.47344
1.82643
1.44719
1.52556
1.34246
1.26005
1.57898
1.22515
1.66586
1.59544
1.52913
1.56906
1.31422
1.82532
1.5949
1.8917
1.59114
1.78363
1.75389
1.98978
1.60236
1.70929
1.57089
1.47878
1.78846
1.63126
1.24902
1.7005
1.28944
1.27653
1.82916
1.65105
1.51729
1.75625
1.43972
1.61466
1.23891
2.04518
1.91072
1.68778
1.00166
1.31823
1.44049
1.48168
1.36598
1.31359
1.56561
1.37233
1.41256
1.73244
1.38575
2.05534
1.556
1.21606
1.56291
1.82548
1.67745
1.77241
1.38678
1.71996
1.26875
1.55589
1.32207
1.67534
1.47273
1.41448
1.61816
1.81785
1.68141
1.47969
1.64777
1.52434
1.51998
1.79955
1.41001
1.68012
1.25638
1.23327
1.59593
1.488
1.53515
1.75982
1.58237
1.59775
1.12974
1.74241
1.76003
1.87272
1.2601
1.51111
1.73707
1.96463
1.64645
1.93934
1.58377
1.48604
1.55497
1.72309
1.29124
1.76544
1.40161
1.15041
1.8295
1.40602
1.63889
1.47738
1.4395
1.51763
1.34525
1.9404
1.00414
-1.00351
-1.00262
-1.00146
-0.995819
-0.997946
0.998578
1.55908
1.29015
1.4333
1.38924
1.74123
1.4827
1.57642
1.99629
1.92724
2.20607
1.89689
1.60536
1.08889
1.80955
1.36364
1.5738
1.07792
1.4901
1.32
1.89326
1.30335
1.31584
1.1955
1.54866
1.65007
2.13465
1.33835
1.54842
1.55888
1.50446
1.02066
1.47055
1.61907
1.58967
1.14691
1.26092
1.15403
1.25228
1.3057
1.66639
1.22821
1.00011
1.1199
1.64974
1.57603
1.35499
1.52944
1.60522
1.31209
1.18375
1.23453
1.516
1.08848
1.06256
1.13526
1.88234
1.2946
1.82556
1.31528
1.4275
1.58949
1.68064
1.32653
1.89803
1.54402
1.17788
1.60718
1.51943
1.35282
1.55226
1.57689
1.52425
1.13034
1.64456
1.49631
1.67683
1.40539
1.44169
1.25889
1.52318
1.17435
1.87787
1.69069
1.79988
1.87986
2.07395
2.03369
1.73587
1.40493
1.53174
1.24522
1.54379
1.65131
1.39851
1.19354
1.52999
1.60801
2.01869
1.34723
1.5277
1.5705
1.69705
1.4069
1.69188
1.48816
1.39873
1.44087
1.4909
1.55346
1.82664
1.4889
1.63267
1.30891
1.44061
1.54674
1.41975
1.60795
1.65494
1.2826
1.39422
1.45407
1.42439
1.68185
1.88032
1.40744
1.5267
1.65822
2.15139
1.4666
1.95356
1.50509
1.60736
1.05425
1.85042
1.34137
1.31699
1.59184
1.27358
1.59512
1.81375
1.69425
1.65882
1.53215
1.64506
1.35527
1.44148
1.82237
1.3123
1.1132
1.37197
1.33799
1.33703
1.30634
1.58234
0.998234
1.18254
1.20927
1.73481
1.78579
1.81515
1.79712
2.03361
1.58599
1.71847
1.76282
1.96397
1.12513
1.48513
1.12209
1.9192
1.08063
1.845
1.43977
1.39009
1.27456
1.60435
1.55185
1.5892
1.70579
1.41935
1.42864
1.68388
1.71149
1.68099
1.31777
1.3046
1.37868
1.57291
1.60185
1.33351
1.5381
1.40836
1.55604
1.48978
1.28295
1.86735
1.53931
1.647
1.74868
1.99539
1.72864
1.7964
1.48745
1.00085
-0.997849
-0.998572
-0.997873
-0.997319
-0.998
1.45618
1.44365
1.23241
1.176
1.6742
1.45431
0.998923
1.24878
0.999945
1.34277
1.43371
1.93921
1.38534
1.95873
1.45457
2.08171
2.00972
2.00733
1.92988
2.15382
2.01813
2.12865
1.98609
1.46668
1.81199
1.97222
2.06561
1.89017
1.81369
1.75185
2.08224
1.66408
2.01069
1.4653
1.93227
1.91594
2.03136
2.02362
2.23867
1.72431
2.05518
2.25511
1.7508
2.00439
2.2299
1.5683
2.18131
2.16185
1.73352
2.02821
1.95433
1.76296
2.0138
2.18632
1.78181
1.88702
2.36386
1.99497
2.15811
1.90427
1.95463
1.81781
2.13401
1.91921
1.7987
1.85199
2.14442
2.01385
1.86404
1.98672
2.16716
2.51706
2.11025
2.4062
2.17131
1.63763
2.10783
1.84893
1.6568
1.69686
1.66223
1.94332
1.7933
2.11606
1.80259
2.20293
2.12495
2.02208
2.56221
2.21278
2.09374
2.32651
1.6932
1.93256
1.63507
1.72355
1.63089
1.83537
2.08836
1.84518
2.15776
2.41666
1.99191
2.61755
2.45326
1.7421
2.36994
2.18527
2.23008
2.16118
1.93094
1.78431
1.8613
1.81485
1.95151
1.9444
2.22171
1.914
2.40435
2.40874
1.99023
1.96078
2.10254
1.99448
1.80219
1.59122
1.98619
2.04719
1.98662
2.15383
2.17811
2.26358
2.17838
2.53675
2.24177
1.80248
2.28166
1.92908
1.82651
1.94638
1.72273
2.01249
2.08919
1.86411
1.90589
2.15965
2.25554
2.25155
2.59102
2.12554
1.94592
2.13417
1.76571
1.81414
1.74276
1.7311
1.65439
2.01497
2.22342
1.99767
2.28603
2.61308
2.13956
2.58497
2.44276
1.83097
2.40057
2.11071
1.89095
2.08891
1.76224
1.93231
1.77899
2.08002
2.0216
2.01887
2.35019
2.19806
2.26396
2.33725
2.30288
2.06145
2.15225
1.84851
1.92091
1.93001
2.02542
1.90527
1.84474
2.09322
2.09383
2.06289
2.0267
2.30557
2.07049
1.99192
2.18032
1.84451
2.08025
2.02069
1.64545
1.65996
1.97179
2.23129
1.30947
-1.00238
-0.998791
-1.00039
-0.998247
-1.00042
