-1.55047
-1.75274
-1.38019
-2.13644
-1.9247
-2.1215
-2.18627
-0.998734
-2.21165
-2.44438
-2.15183
-2.00582
-1.52236
-1.46467
-1.50875
-1.33473
-1.73873
-2.4132
-2.38574
-1.39069
-1.66514
-2.00264
-1.8021
-2.11386
-2.67032
-2.23543
-1.9146
-2.0966
-1.7692
-2.65043
-2.30776
-1.41862
-1.95649
-2.08326
-1.89576
-2.13375
-2.48577
-2.36158
-1.89298
-1.6748
-1.56597
-2.4865
-1.87734
-1.26331
-1.78622
-2.30795
-2.08738
-1.81753
-2.40404
-2.08092
-1.79711
-1.35409
-1.77104
-2.48607
-1.88902
-2.36044
-2.57241
-2.55731
-2.00291
-1.49864
-1.63006
-2.15623
-2.47946
-2.21897
-1.98658
-2.67077
-2.35379
-1.59066
-1.24084
-1.60632
-1.58236
-1.81073
-2.14353
-2.0071
-2.52711
-1.21634
-1.64826
-2.23321
-2.37837
-1.8481
-1.96978
-1.787
-1.43068
-2.45567
-2.24773
-2.39981
-2.46013
-1.72027
-1.11843
-2.0727
-2.13176
-1.34499
-2.0861
-2.69135
-2.32786
-1.93818
-1.35486
-1.60521
-1.82584
-1.69978
-1.89326
-2.83526
-2.99895
-1.73703
-1.9464
-2.15173
-1.78337
-2.14933
-1.80378
-1.84649
-1.97794
-2.3466
-1.86885
-2.64841
-2.35711
-0.999003
-1.37986
-2.11112
-2.21676
-1.91025
-2.27033
-2.19388
-1.77328
-1.00516
-1.65115
-2.33883
-1.6188
-1.05829
-1.93585
-2.20256
-2.04318
-1.62054
-2.20285
-2.24397
-2.35467
-2.04602
-1.77209
-2.2755
-1.85594
-1.98709
-2.39208
-2.67099
-1.90389
-1.53697
-1.90564
-1.5428
-2.02496
-2.08454
-2.55097
-2.95425
-2.10403
-1.32041
-1.07262
-1.6895
-1.7766
-1.9485
-2.18183
-1.89066
-2.33578
-1.27907
-2.24224
-2.60589
-2.13263
-1.98462
-2.34034
-2.33534
-1.78236
-2.68239
-2.502
-2.19164
-1.96535
-0.999277
-1.91572
-2.56028
-2.02426
-1.22744
-2.24156
-2.26102
-1.80273
-1.9472
-1.80089
-1.38081
-1.62766
-1.29982
-1.40996
-2.42513
-3.16259
-1.51424
-1.76923
-1.92389
-2.03107
-2.08807
-2.01987
-1.90529
-1.88328
-2.30742
-2.50369
-2.93728
-2.37801
-1.00413
-1.29382
-1.70111
-1.90881
-2.13166
-0.999787
1.01341
1.0025
1.0013
0.999037
0.996965
-2.96781
-1.81924
-1.60915
-2.32319
-2.37052
-1.6295
-1.55857
-0.997452
-1.63975
-1.72227
-1.10477
-1.75987
-1.39252
-1.8536
-2.10295
-2.08332
-1.33514
-1.16083
-2.10495
-1.71872
-1.87064
-1.34144
-1.37772
-1.57306
-1.73371
-2.04384
-1.75466
-1.41794
-1.3921
-1.43233
-2.29994
-1.51272
-1.48843
-1.57985
-1.11139
-1.25533
-1.59596
-1.41685
-1.00391
-1.38314
-1.00376
-2.08262
-1.75753
-2.43811
-1.25383
-1.82021
-2.12357
-1.62481
-2.01986
-1.41008
-1.83112
-1.44995
-1.55127
-1.92741
-1.23261
-1.66549
-2.27816
-1.67676
-2.16361
-1.30721
-1.16989
-1.09205
-1.41913
-1.95202
-1.45219
-1.71967
-1.31365
-1.56032
-1.59946
-1.89935
-1.76893
-2.37951
-1.35844
-1.74877
-2.27891
-1.57459
-1.88026
-1.4167
-2.01874
-1.26019
-1.85869
-2.11714
-1.57313
-1.44227
-1.8832
-1.26252
-2.23499
-1.74087
-1.4295
-1.22402
-1.20857
-1.49781
-1.57995
-1.41643
-1.03151
-1.95899
-1.46404
-1.7762
-1.95822
-2.50227
-1.06216
-1.66338
-1.89941
-1.83491
-1.87504
-1.45163
-1.54215
-1.80863
-1.69685
-2.06884
-1.6044
-1.66432
-1.71066
-1.62458
-2.2973
-1.47191
-1.33535
-1.36558
-1.21422
-1.79101
-1.64351
-0.995537
-1.14071
-1.28433
-1.29071
-2.26843
-1.96698
-2.33027
-1.35716
-1.87856
-2.27158
-1.76836
-2.16615
-1.54637
-2.11587
-2.07313
-1.40323
-2.0948
-1.60976
-1.25898
-2.09019
-1.19545
-2.17492
-1.80264
-1.33645
-0.996613
-1.09757
-1.6194
-1.35491
-1.18983
-1.35268
-1.20876
-1.25201
-1.67383
-1.6625
-2.02601
-1.26901
-1.66159
-2.3178
-1.63957
-1.87484
-1.64326
-1.72251
-1.48389
-1.55039
-2.15371
-1.35916
-1.82815
-1.9254
-1.44466
-2.26413
-1.63331
-1.26924
-1.10109
-1.36724
-1.30351
-1.62958
-1.36639
-0.999048
-1.65605
-1.49225
-1.96264
-1.78004
-1.91967
-1.05983
-1.69115
-2.11139
-1.99783
-2.02537
-1.39104
-1.58601
-1.92969
-1.96366
-2.17695
-1.78856
-1.88089
-1.75573
-1.7065
-2.19362
-1.60297
-1.63365
-1.13306
-1.20277
-0.997452
-1.86051
-1.00299
1.00155
0.99827
0.999855
0.997088
-0.997488
-2.19212
-1.50618
-1.85596
-1.70207
-2.0096
-2.18772
-1.00243
-1.52804
-2.27758
-2.03112
-1.99158
-1.63645
-1.181
-2.21606
-2.35151
-2.02684
-2.21772
-2.30625
-2.01923
-1.93989
-1.6721
-1.69256
-2.66182
-1.92434
-2.78246
-2.44335
-1.09529
-1.57557
-2.12611
-2.19451
-1.71129
-1.37288
-1.67571
-2.08378
-1.91389
-1.10961
-1.64755
-1.84168
-2.14821
-1.20511
-1.48724
-2.24707
-1.81032
-2.00699
-2.29007
-1.12193
-2.99717
-2.27027
-1.915
-1.48221
-2.51205
-1.42674
-3.40565
-2.50538
-1.43486
-1.59411
-1.38315
-2.11992
-1.97409
-1.85855
-1.59781
-1.77803
-1.8058
-0.996722
-1.59364
-1.576
-1.42622
-1.5457
-1.35658
-2.43353
-2.89767
-2.38352
-1.85657
-1.33251
-1.87323
-1.69914
-2.67203
-2.03063
-2.27559
-1.86651
-2.57441
-1.79542
-1.11663
-2.05008
-1.70933
-2.32007
-2.17572
-1.3114
-2.38639
-2.1391
-1.23984
-1.33433
-1.89885
-1.35771
-1.63041
-2.08843
-1.12945
-1.84654
-2.06649
-1.42767
-2.56937
-1.79778
-2.07763
-1.90298
-1.62554
-1.32467
-3.07902
-1.44774
-2.94716
-2.42918
-1.16335
-1.60979
-2.23698
-2.14556
-1.91729
-1.45963
-2.49919
-1.32045
-1.75919
-1.63822
-1.58333
-2.09171
-0.998485
-1.27538
-1.78743
-2.06307
-1.63954
-1.71568
-2.22475
-1.57345
-2.56846
-2.27587
-2.30244
-1.8303
-2.62009
-1.0885
-3.00591
-2.26382
-1.38786
-1.93762
-1.18704
-2.30495
-1.88959
-1.43681
-1.74702
-2.17235
-1.19994
-1.31527
-2.08406
-2.3033
-1.33356
-1.65868
-1.50697
-2.07308
-2.68191
-1.99674
-1.67926
-1.92316
-2.03034
-1.24515
-2.61803
-1.72426
-2.51408
-1.85953
-2.93818
-1.95136
-1.24613
-2.10321
-1.87577
-1.70077
-2.13708
-1.46718
-2.32471
-1.88851
-1.51888
-1.36199
-2.25777
-1.44268
-2.20558
-1.69374
-0.997337
-2.42747
-2.21285
-1.9445
-2.00748
-1.66034
-2.34104
-1.72096
-1.38918
-0.997923
-2.63956
-1.58167
-2.63702
-2.62578
-1.69037
-1.98432
-2.04962
-1.75513
-1.35461
-1.53794
-2.28487
-1.80358
-1.99257
-1.00333
1.04402
-1.25853
0.999406
0.997171
0.997681
-2.21425
-2.40528
-0.999611
-2.77292
-1.98822
-2.07457
-1.90648
-1.71698
-2.33363
-2.01141
-1.48112
-1.04789
-2.88424
-1.44741
-2.39333
-2.70437
-1.78607
-2.91633
-1.90855
-1.63832
-2.30148
-2.7953
-1.42782
-1.47465
-1.25156
-2.23379
-2.18621
-2.18066
-1.21681
-1.52073
-1.63902
-1.89842
-2.17032
-2.27453
-1.51841
-2.21772
-1.95722
-1.7839
-1.88514
-1.61056
-2.02539
-2.13325
-1.98936
-2.40345
-2.31474
-2.15128
-2.10755
-1.772
-1.90203
-2.62618
-2.04587
-1.92932
-1.173
-2.22062
-2.39355
-2.04946
-2.33173
-2.24789
-1.93734
-1.73751
-1.88494
-1.97639
-1.78442
-2.22435
-2.0559
-1.9396
-1.94702
-1.03888
-2.23197
-1.48827
-2.23583
-2.20183
-1.9978
-1.98782
-3.04575
-1.73148
-1.92627
-2.11275
-2.03108
-2.45507
-1.14845
-2.26171
-2.44787
-1.99712
-1.53835
-1.27335
-1.4761
-2.35165
-2.36107
-2.53443
-1.52568
-2.72912
-1.92854
-2.05298
-1.32592
-1.21423
-2.33127
-1.32343
-2.09555
-2.5409
-1.76954
-1.66986
-2.18061
-1.88656
-1.92669
-2.19502
-1.94052
-1.6211
-1.52207
-2.14675
-2.03805
-2.23209
-1.58264
-1.49778
-1.52218
-2.01197
-2.40741
-2.61004
-1.91361
-2.88395
-2.26004
-1.906
-1.28677
-1.1894
-2.07204
-1.4013
-2.60485
-2.79893
-2.3349
-1.93569
-2.19736
-1.47226
-2.15795
-2.33587
-2.09672
-1.89975
-1.51229
-2.17283
-2.39029
-2.01538
-2.12805
-2.37209
-1.3459
-1.69291
-2.66672
-2.14977
-1.238
-2.43128
-1.79428
-2.16708
-1.70583
-1.30333
-1.89698
-1.89792
-1.7407
-2.34761
-1.77417
-1.92872
-2.48521
-1.61827
-1.736
-2.07644
-2.17663
-2.05865
-1.42749
-2.51099
-1.73014
-1.73546
-2.05852
-1.42024
-1.64863
-2.03225
-2.20474
-2.4015
-1.99845
-2.43094
-2.01423
-2.19322
-1.60341
-1.58452
-2.61057
-2.03271
-2.50039
-2.73091
-1.24729
-2.01619
-2.16814
-1.3791
-2.56427
-2.72649
-1.97005
-1.31438
-1.41285
-1.92054
-2.33282
-2.24137
-1.55695
-1.41796
-2.31244
-1.76101
-2.55526
-2.43536
-1.85954
-3.14311
-2.19082
-1.35173
-1.27676
1.07132
0.995165
0.997136
-2.5881
-2.04728
-1.96757
-1.99067
-2.26153
-1.47049
-2.29154
-1.00038
-1.47534
-2.01605
-1.80605
-2.50949
-2.46827
-2.07305
-2.0298
-2.45732
-1.45596
-1.76156
-2.43702
-2.43906
-2.02678
-2.41224
-2.29114
-2.58802
-1.82657
-2.17792
-1.83093
-2.57942
-1.16511
-2.55244
-2.31185
-2.38932
-1.51973
-1.18325
-1.90018
-2.3172
-1.97899
-1.97857
-2.63592
-2.38917
-1.76853
-2.32417
-2.76252
-1.80598
-2.06722
-1.95556
-2.56725
-2.60319
-2.33092
-1.92737
-2.59575
-2.03248
-1.07794
-2.76016
-1.85963
-2.05365
-1.89995
-2.48901
-1.46714
-2.20884
-1.6458
-1.49057
-2.04988
-2.04106
-1.55237
-3.03296
-2.9704
-1.94707
-2.11588
-2.18459
-2.21224
-2.13457
-2.21835
-1.68637
-2.30276
-2.48258
-1.69212
-2.64513
-2.70739
-1.65147
-1.77591
-1.99748
-1.74346
-2.73067
-1.71113
-2.41708
-1.31697
-2.49115
-1.83665
-2.21643
-1.85577
-1.65715
-1.8968
-2.80448
-1.67787
-2.50433
-2.43115
-2.10652
-2.42223
-1.39084
-2.05532
-2.31066
-2.28219
-2.08969
-1.89115
-1.88741
-2.07681
-2.43352
-2.3481
-2.07446
-1.54831
-2.56938
-1.55157
-2.59128
-1.34298
-2.17086
-1.70507
-1.42729
-1.95773
-2.41606
-1.63324
-2.16194
-2.60395
-2.45282
-2.18683
-2.49125
-2.95623
-1.87956
-2.20692
-1.61657
-2.27176
-2.70616
-2.34831
-1.62025
-2.21242
-2.18174
-2.0498
-2.58227
-1.59181
-2.36967
-1.75824
-1.77808
-1.53995
-2.61921
-2.11878
-1.80251
-1.79497
-2.20825
-1.23291
-3.03629
-3.20122
-2.4112
-1.83076
-1.94076
-2.34104
-2.6412
-2.10011
-1.58366
-2.36858
-2.35796
-2.18077
-1.72405
-2.6525
-1.95879
-1.61415
-1.7784
-1.41952
-2.60077
-1.7419
-2.33628
-1.83292
-2.13744
-1.72502
-1.99753
-2.26397
-1.48377
-1.03724
-2.62738
-2.26058
-2.47703
-2.37033
-2.24832
-2.33564
-1.52598
-1.63848
-2.26527
-2.6742
-2.39273
-2.06664
-2.27543
-2.42856
-2.19736
-2.16843
-2.16002
-1.54864
-2.39311
-1.00257
-2.52823
-1.91901
-2.0175
-1.52376
-1.88237
-1.1035
-1.90275
-0.998143
0.99953
0.996131
-1.00205
0.998013
0.995554
-2.51736
-1.45757
-0.997263
-2.57855
-1.84043
-1.95091
-1.50693
-1.3336
-1.41699
-1.79589
-1.00073
-2.11312
-1.96419
-1.91163
-1.9953
-2.18695
-1.78052
-1.25484
-1.7809
-1.38425
-1.62877
-1.923
-1.22636
-1.63282
-2.16044
-1.47385
-1.83995
-1.45053
-1.86184
-1.51744
-1.98054
-1.04296
-2.18398
-1.99653
-1.24636
-1.7842
-1.57197
-1.30583
-1.22762
-2.05157
-1.61068
-1.65456
-2.12672
-2.04442
-1.71114
-1.23899
-0.996349
-1.67471
-1.22028
-1.51646
-1.62773
-1.73751
-1.54769
-1.02838
-1.70403
-1.38569
-2.02863
-1.5908
-2.16801
-1.41297
-1.87618
-1.94918
-1.80359
-1.87001
-0.999465
-1.40418
-1.38184
-2.06303
-1.2877
-1.88436
-2.0733
-2.03645
-2.04415
-1.12088
-1.92955
-1.41768
-0.997215
-1.60263
-1.60686
-1.94797
-2.02193
-1.36951
-1.83921
-1.69284
-2.14386
-1.50157
-2.21998
-1.82716
-2.18669
-1.88395
-1.99972
-2.03425
-1.33024
-1.29863
-1.15632
-2.17715
-1.19485
-1.70275
-2.29354
-1.72192
-1.76024
-1.27088
-1.23945
-1.3097
-1.37525
-1.85181
-1.2133
-1.5603
-1.77037
-1.38652
-1.56729
-1.26808
-2.08916
-1.85532
-1.75395
-1.22937
-2.23161
-2.08172
-1.63955
-2.06523
-1.48811
-1.77902
-1.15175
-1.81463
-1.60959
-1.53325
-1.99362
-1.85495
-1.8667
-1.47781
-1.00294
-1.67985
-1.52525
-1.82819
-1.59032
-1.76465
-1.73757
-1.27203
-1.41087
-1.46233
-2.10116
-1.39352
-2.09499
-1.58939
-2.37382
-2.23239
-1.9054
-2.05733
-1.28792
-1.66231
-1.37726
-1.99575
-1.97193
-1.89274
-2.02344
-1.40118
-1.71043
-1.26426
-1.07352
-1.36631
-1.19907
-1.0669
-1.54172
-1.67419
-1.8792
-1.24575
-1.53731
-1.70893
-2.02174
-1.39614
-1.7377
-1.91402
-1.88518
-1.57336
-2.24243
-1.91113
-1.13803
-1.4773
-1.01644
-1.98883
-1.5975
-1.94753
-2.28426
-2.11686
-1.52117
-1.0581
-1.45302
-1.00072
-1.24252
-1.63699
-1.39073
-1.98033
-1.521
-1.39774
-1.92218
-1.56509
-1.93612
-1.58631
-2.27163
-1.42464
-2.05809
-2.14721
-1.60989
-2.01923
-1.83992
-1.26292
0.996387
-0.998409
0.996745
0.997393
-1.70635
-1.67394
-1.62637
-2.1952
-1.58192
-1.54457
-1.81572
-1.71456
-1.87904
-1.77919
-1.94934
-1.97591
-1.77176
-1.42717
-1.80182
-2.18092
-1.12671
-2.16773
-1.6534
-1.74734
-2.52976
-1.34285
-1.1746
-1.72291
-1.94254
-1.45247
-1.53458
-1.94419
-2.05004
-2.4072
-2.50694
-1.80971
-2.47389
-2.06529
-2.34444
-2.68909
-2.13096
-0.996744
-1.61825
-1.62454
-1.56443
-1.85565
-2.37741
-1.99414
-1.93116
-2.25002
-1.88814
-2.72998
-2.91161
-1.66763
-1.72204
-1.43774
-1.49192
-1.82848
-1.92724
-1.90771
-1.80485
-1.85559
-1.84911
-2.33443
-2.47358
-1.96066
-1.68898
-1.56965
-1.94235
-1.6249
-1.60788
-1.9644
-1.63764
-1.41072
-1.40979
-2.89887
-2.33162
-1.32802
-1.43641
-2.20594
-2.52295
-2.23291
-1.70156
-1.4729
-1.55374
-1.21426
-1.40494
-2.05559
-2.05194
-1.64752
-2.12066
-2.56306
-2.44242
-2.48356
-2.00052
-2.57296
-2.45228
-1.00381
-1.75251
-2.14009
-2.2827
-1.27353
-1.20248
-1.9091
-1.16441
-2.18391
-2.01932
-2.22024
-2.76086
-1.80518
-1.20186
-2.11693
-2.28628
-1.33141
-1.47797
-1.97103
-2.54235
-2.03865
-1.94586
-2.33485
-2.51353
-2.11137
-1.05008
-2.53175
-2.59915
-1.00166
-1.70261
-1.78393
-1.09105
-1.74518
-1.63932
-1.8841
-1.52393
-2.39714
-1.50886
-2.38565
-2.25397
-2.12039
-1.53306
-1.51017
-1.4108
-1.72975
-2.02111
-1.7542
-1.98691
-1.71434
-1.49882
-2.219
-2.94491
-1.79989
-1.58687
-1.49271
-1.91604
-1.68235
-1.99722
-1.84824
-1.70832
-1.9662
-1.73856
-2.06367
-1.88668
-1.73086
-1.86262
-2.33471
-1.69548
-2.06573
-1.44973
-1.44808
-1.92879
-1.60897
-1.97627
-2.2023
-2.46834
-1.97989
-2.23842
-2.44618
-2.73558
-2.44736
-2.45439
-1.87175
-2.06173
-1.41429
-1.38539
-2.02391
-1.45717
-1.36667
-1.59804
-1.49111
-0.998111
-2.14707
-1.87614
-1.98446
-2.45276
-1.64269
-1.41653
-2.20953
-1.76042
-1.23318
-1.13298
-2.42991
-2.10936
-2.11122
-2.04181
-2.25565
-2.79685
-2.23638
-1.29867
-2.433
-1.49176
1.48804
-1.00436
-0.997297
0.99705
0.998899
-3.09837
-2.60061
-1.12602
-2.58399
-2.71796
-1.51526
-1.85585
-1.26571
-2.00812
-1.93406
-1.55925
-2.79726
-2.00822
-1.35379
-1.81241
-2.81961
-1.6889
-2.22721
-2.03483
-2.35275
-1.73978
-2.57753
-1.68516
-1.83741
-1.49758
-1.18966
-2.50163
-1.96448
-1.55865
-1.50745
-2.01119
-1.91632
-2.69044
-1.60015
-1.64339
-2.3323
-2.51342
-1.69237
-2.04293
-2.45019
-2.34125
-1.62164
-1.6342
-2.12389
-1.67657
-2.3208
-2.28397
-2.35414
-1.95099
-2.40245
-2.15146
-2.37367
-1.66898
-1.88041
-2.73578
-2.01265
-2.35298
-1.62009
-1.86658
-1.82793
-2.63019
-1.4312
-1.35939
-2.22422
-2.07501
-1.57627
-1.56314
-2.27963
-2.03294
-1.43212
-1.78621
-2.20883
-1.70326
-2.54156
-2.3011
-2.48853
-1.11985
-2.79489
-2.26324
-1.85835
-1.61283
-2.05803
-2.54894
-2.21196
-1.71488
-1.60797
-1.99711
-1.71031
-2.36288
-1.17897
-1.58185
-1.85459
-2.39698
-2.07218
-1.81136
-2.26926
-2.02013
-1.95123
-2.32641
-2.02935
-1.71116
-1.99835
-2.98765
-2.50833
-1.05593
-2.3027
-1.50704
-1.72403
-1.85962
-1.84181
-2.89147
-2.19492
-1.6363
-1.81521
-2.46423
-1.83776
-2.89269
-1.49285
-2.03091
-1.84301
-2.2683
-2.17685
-2.15572
-2.66588
-1.27976
-1.59229
-2.29627
-2.04296
-1.53346
-2.30624
-2.1708
-2.12316
-1.46851
-2.38237
-1.80036
-2.74512
-1.37194
-1.32935
-2.11115
-2.39912
-2.25486
-1.75303
-1.7639
-1.73837
-2.76262
-1.31417
-1.57049
-2.07488
-1.93832
-1.34399
-2.11309
-2.06648
-1.71152
-1.21811
-1.65111
-2.44652
-1.99849
-2.24438
-2.28654
-2.87071
-1.29733
-2.00594
-1.96065
-2.07354
-2.20912
-1.75521
-1.58056
-1.99443
-1.62507
-1.59573
-2.35718
-2.05223
-2.65677
-1.77433
-1.72904
-2.17397
-2.76243
-2.20536
-1.89164
-2.33794
-2.64616
-1.06429
-1.93945
-2.44562
-1.72901
-2.29529
-1.85931
-2.31728
-1.602
-2.22749
-1.49422
-1.91683
-1.59086
-1.46069
-2.08185
-1.92072
-1.47911
-2.03686
-2.27826
-1.82905
-2.14375
-1.98173
-1.66163
-1.86064
-2.32756
-1.26902
-1.00243
-0.997545
0.997156
0.997501
-2.1466
-2.14583
-1.9923
-2.44571
-2.12551
-1.88137
-2.25491
-1.60323
-2.06115
-2.30138
-2.48809
-1.52289
-2.00607
-1.57516
-2.12878
-2.19607
-1.21605
-2.01458
-2.508
-1.85832
-1.57148
-2.54056
-1.61302
-1.75621
-1.94487
-1.86896
-1.66969
-1.2957
-1.75569
-1.71051
-2.47727
-2.28535
-1.79128
-1.59814
-1.90648
-2.06853
-2.5549
-1.75704
-2.25042
-1.60418
-1.16548
-2.09902
-1.93418
-1.79837
-1.54769
-1.16664
-1.64268
-2.45508
-1.66367
-2.31811
-1.61834
-2.33542
-1.44635
-1.9216
-2.30828
-2.01649
-2.4358
-1.7114
-2.19985
-2.61242
-1.39633
-1.624
-2.66985
-2.03713
-2.31656
-2.10465
-2.14025
-1.26873
-1.89955
-1.84234
-1.52371
-2.54879
-2.33843
-1.00238
-2.20494
-2.10684
-1.57344
-2.99956
-1.53713
-2.2441
-1.94083
-1.88188
-1.53801
-2.1439
-2.48734
-1.07479
-2.67979
-2.86085
-1.33166
-1.97552
-2.15693
-1.6817
-2.17675
-1.94425
-2.5523
-1.58454
-1.7121
-1.46965
-1.92556
-1.52698
-1.66283
-1.85499
-2.30712
-1.78819
-1.39382
-3.18341
-1.26824
-1.79581
-1.31865
-1.40722
-1.82497
-1.91828
-1.59211
-2.1156
-2.57118
-2.04148
-1.47409
-1.80528
-2.27457
-2.07177
-2.16313
-1.77136
-1.7876
-1.50088
-1.88234
-2.20684
-2.4239
-1.5614
-1.59308
-1.30648
-2.10641
-2.82872
-1.44032
-2.70428
-1.97978
-1.75293
-1.67576
-2.07721
-2.54932
-2.29885
-2.02078
-2.26997
-2.82242
-2.6909
-1.72487
-1.39973
-2.29178
-1.37213
-2.31801
-2.5183
-2.09965
-1.11351
-1.46914
-1.15771
-1.34105
-2.16611
-2.35865
-1.04591
-1.99548
-1.64285
-1.30914
-2.94674
-2.0355
-1.97058
-1.78804
-1.9292
-1.8355
-2.32486
-2.38059
-1.39962
-2.31941
-2.275
-1.38417
-1.97247
-2.10265
-1.94269
-2.09257
-1.76981
-2.33807
-1.85871
-2.13089
-1.55542
-1.78817
-1.77762
-1.20618
-1.82741
-2.34609
-2.05462
-1.51647
-2.53075
-1.49044
-2.22792
-2.15134
-1.77968
-1.76853
-2.19329
-2.44245
-1.95661
-2.93676
-2.28573
-1.44168
-2.03091
-1.6906
-2.66975
-1.59891
1.01144
1.0003
0.998117
-0.997382
0.996576
-2.68617
-2.2837
-1.95066
-2.36325
-2.57216
-2.55993
-1.13387
-1.00144
-1.64988
-1.36426
-1.0016
-1.69438
-2.17766
-1.65115
-2.40414
-1.71748
-1.37548
-1.73725
-2.13655
-1.64961
-2.32284
-1.96299
-1.62944
-1.33556
-1.43392
-2.4699
-1.87727
-2.54287
-2.1224
-1.74549
-1.99054
-1.59593
-1.97606
-2.12362
-1.32953
-1.68024
-1.8386
-1.44381
-1.2698
-1.67978
-1.85832
-1.19783
-2.41984
-2.19724
-2.04119
-1.99616
-1.94905
-1.29111
-2.10365
-1.57103
-2.44702
-1.67473
-1.41269
-2.20217
-2.00133
-2.11436
-2.41862
-1.33411
-2.28735
-2.09376
-2.11348
-1.90949
-1.71204
-2.17159
-1.46601
-1.27084
-1.29386
-1.66043
-2.57384
-1.01703
-1.91653
-2.1141
-1.52767
-1.95786
-2.4947
-1.72105
-2.01363
-1.33756
-1.85573
-1.39743
-1.53694
-2.51702
-2.193
-2.60759
-2.24858
-1.29582
-2.078
-1.94427
-1.31014
-2.27586
-1.98825
-2.30769
-1.66989
-1.2423
-1.28934
-1.5713
-2.09655
-1.11101
-2.2608
-2.36339
-1.25629
-1.92865
-2.35574
-1.13215
-2.41567
-1.85846
-1.74279
-1.70004
-1.20294
-2.2674
-2.01253
-2.01207
-2.18311
-1.69719
-2.16923
-1.66452
-1.77141
-1.96565
-1.36392
-1.54745
-1.85275
-1.54983
-1.66803
-1.4854
-1.85407
-1.50441
-2.3167
-1.96271
-1.61035
-2.01441
-2.54113
-1.29163
-2.21877
-1.64505
-1.79132
-1.76436
-1.64169
-2.61089
-2.06948
-1.75751
-2.00896
-1.44592
-1.95155
-2.06845
-1.92777
-2.10126
-1.85314
-1.93419
-1.30544
-1.42652
-1.20767
-1.80272
-2.63239
-1.77854
-2.00754
-1.94372
-1.8454
-1.65347
-2.35111
-1.40291
-1.81793
-1.91203
-1.79252
-1.25861
-1.68037
-2.32544
-1.97237
-1.99315
-2.44087
-1.34164
-1.78275
-1.63217
-1.48612
-1.79161
-1.98719
-1.96193
-2.15556
-1.37122
-1.12127
-1.50401
-2.24557
-1.15325
-2.4827
-2.44405
-1.56502
-1.98371
-2.2727
-1.42718
-2.19417
-1.69973
-1.3232
-1.66863
-1.77565
-2.17361
-2.01956
-2.37525
-1.65459
-1.50693
-2.08933
-1.91809
-2.0956
-1.72785
-1.32882
-1.91946
-1.92082
-1.19685
1.00258
0.996235
-0.999178
0.997016
-1.08743
-1.73325
-1.8051
-1.77677
-1.81634
-2.05779
-1.05284
-1.17558
-1.78737
-2.1926
-1.90962
-1.46625
-2.27168
-1.44861
-1.58252
-1.15083
-1.88884
-1.73218
-1.61835
-2.30294
-2.13202
-1.58148
-1.81009
-2.56107
-2.31642
-2.44163
-1.6173
-1.69611
-2.06355
-2.62217
-2.46632
-1.72945
-1.45576
-1.05184
-0.997715
-2.25356
-2.17234
-2.41668
-2.28892
-1.77664
-1.80499
-1.38646
-2.00724
-1.36624
-2.03942
-1.47564
-1.2097
-2.64551
-2.22441
-1.90192
-1.46846
-2.56241
-1.60767
-2.65058
-2.19138
-1.52072
-2.28866
-2.43294
-2.0022
-2.15965
-1.69477
-1.65561
-2.0063
-1.99096
-1.63204
-2.62843
-2.74063
-2.00243
-1.88597
-1.00088
-1.89738
-1.96368
-2.43384
-1.11494
-1.64477
-2.19407
-1.51764
-1.98557
-2.18089
-2.01004
-2.07186
-2.3817
-2.03382
-1.83684
-2.3875
-2.04387
-2.24448
-1.62921
-1.0106
-2.43373
-1.76721
-1.67278
-1.85653
-2.51773
-1.67255
-1.4832
-2.17896
-1.13267
-1.96883
-1.49204
-2.02439
-2.11184
-1.78218
-1.98532
-1.96591
-1.70622
-1.96862
-2.35112
-1.94619
-2.41008
-2.04949
-1.58435
-1.87621
-2.95495
-2.30357
-1.14403
-1.57829
-1.51145
-1.35082
-2.48656
-1.8965
-2.52124
-1.62576
-1.69199
-1.88744
-1.92898
-1.60918
-1.28236
-2.45828
-2.09092
-1.00639
-2.58895
-2.10468
-2.02576
-1.83831
-1.24937
-1.9304
-3.06655
-2.10402
-1.35873
-2.35206
-1.95018
-1.71559
-2.01568
-1.99449
-1.54606
-1.65794
-1.85361
-1.9947
-2.3161
-1.55336
-1.77699
-2.03564
-1.05948
-1.869
-2.15876
-2.14617
-1.14778
-1.48884
-2.30944
-1.84909
-2.43836
-2.31472
-2.19108
-2.40732
-2.1227
-1.84495
-1.83424
-2.51567
-1.72357
-1.80307
-1.7589
-1.77643
-2.21037
-1.36401
-2.04107
-2.0582
-1.58322
-1.67123
-1.88117
-2.29399
-1.48991
-1.62595
-1.88842
-1.55607
-2.06347
-2.08939
-2.39804
-1.73546
-1.723
-2.30157
-2.88001
-2.07006
-2.41596
-2.08281
-1.3466
-2.34258
-2.14821
-2.4233
-1.65825
-1.44125
-1.22771
-1.15173
-2.24424
-1.00162
1.01148
-0.99655
1.00304
-0.997408
1.00279
-2.32317
-1.84735
-1.48369
-2.47722
-1.65156
-2.30816
-1.19863
-1.83106
-1.57175
-2.07896
-0.99669
-1.56734
-1.87521
-1.55694
-1.79657
-2.74796
-1.4651
-2.08389
-2.00445
-1.49922
-1.60943
-2.3923
-1.31002
-1.54456
-1.05059
-2.13074
-2.00044
-2.36483
-1.35755
-1.29362
-1.31629
-1.64259
-2.12417
-2.70064
-1.42425
-2.62666
-1.73465
-2.09391
-1.59293
-1.36863
-2.17344
-1.83867
-1.95921
-2.72545
-1.84323
-2.05497
-1.89574
-1.69777
-1.87194
-1.98922
-1.68748
-2.11463
-1.19786
-2.02481
-1.57998
-1.99301
-1.76725
-1.73423
-1.54084
-1.45721
-1.97669
-2.07617
-1.67549
-2.48833
-1.54542
-2.61511
-1.52965
-1.09632
-2.31165
-1.89024
-1.59002
-2.50704
-1.50752
-2.18654
-1.83802
-1.99506
-1.33461
-2.60846
-1.49576
-1.86355
-1.37562
-2.27504
-1.66861
-1.50927
-1.71426
-1.33712
-1.15441
-2.08486
-2.12229
-2.52528
-1.46862
-1.98212
-1.67925
-1.97503
-1.39677
-1.72872
-2.0914
-1.5196
-1.92219
-2.82282
-1.64409
-2.10867
-1.94222
-1.67741
-1.86697
-2.86741
-1.42097
-1.77787
-1.26633
-1.7931
-1.8696
-1.42637
-1.40962
-1.88586
-1.3435
-1.76492
-1.875
-2.43013
-1.33616
-2.27211
-1.92998
-1.62124
-1.34774
-1.20617
-2.16644
-1.32873
-1.87789
-2.75204
-1.8437
-2.01302
-2.05219
-2.1235
-1.38387
-2.45049
-1.33449
-2.30975
-1.01017
-2.27944
-1.52572
-2.13614
-1.7495
-1.69314
-1.45079
-1.71974
-2.08931
-1.85346
-1.80044
-2.18889
-1.42624
-2.12653
-1.6883
-1.47369
-1.95302
-1.09857
-1.58954
-2.41999
-1.83665
-2.42501
-1.90613
-1.78271
-1.57174
-2.63471
-1.68131
-2.03244
-1.51342
-2.39184
-1.58008
-2.25332
-1.77378
-1.56978
-1.27217
-1.71334
-2.00262
-1.69357
-1.62154
-2.49073
-1.74912
-2.05314
-1.0025
-1.24162
-1.94399
-1.36583
-2.15694
-2.26564
-1.33093
-1.91288
-2.06258
-1.44619
-1.7552
-3.16154
-1.48822
-1.51075
-1.33353
-2.15678
-1.48447
-2.01678
-1.1852
-1.93
-1.363
-1.93509
-1.91378
-2.62098
-1.2491
-2.21112
-2.30687
-1.17361
-0.99661
0.997647
-0.999254
0.997031
-2.20489
-1.55973
-1.77053
-1.94534
-2.22099
-1.66169
-1.77859
-1.26699
-1.38203
-2.92237
-2.31303
-2.50482
-2.54163
-2.75765
-1.91504
-2.23183
-1.92077
-2.64041
-2.50881
-1.81584
-1.44883
-1.05866
-1.00339
-2.48598
-1.50243
-2.02795
-1.61866
-1.1362
-1.54986
-1.79748
-1.81978
-1.57817
-2.346
-1.7881
-1.60097
-2.00744
-1.44656
-1.5863
-1.63975
-2.36669
-2.18153
-2.94213
-2.38743
-1.95027
-2.9424
-2.03638
-2.0087
-2.40577
-1.8541
-1.56868
-1.8426
-2.23823
-1.0012
-2.29434
-2.11349
-1.9186
-2.17987
-2.16134
-1.00491
-1.66357
-1.98461
-1.765
-2.31429
-1.72539
-1.76736
-2.55931
-2.31584
-1.97289
-2.46792
-1.65386
-2.06412
-2.81153
-2.95063
-2.08881
-2.08186
-2.29743
-1.33325
-1.48539
-1.40353
-2.1551
-1.50608
-2.15326
-1.21332
-2.06585
-1.8253
-1.22334
-1.79735
-1.63541
-1.99541
-2.00844
-1.85764
-1.90557
-1.34748
-2.29361
-2.57122
-2.42581
-2.60118
-2.13338
-1.94142
-1.51278
-1.85454
-2.73369
-2.25257
-2.16581
-1.62361
-1.55828
-1.33738
-2.63547
-1.57181
-2.20303
-1.5636
-2.14959
-1.51151
-1.92439
-1.71981
-0.998189
-2.24203
-1.71502
-2.43966
-2.65263
-1.01434
-1.83137
-2.09864
-2.1456
-2.55048
-2.73645
-2.70525
-2.20051
-2.72096
-1.91941
-2.3872
-2.04466
-1.89
-1.64299
-2.30889
-2.10618
-1.35733
-2.76901
-1.51094
-1.85843
-1.7931
-1.55302
-1.88461
-1.72826
-2.10621
-1.38826
-1.4738
-1.837
-1.24094
-2.43659
-2.4168
-1.52178
-2.44859
-2.20988
-1.54388
-2.77209
-3.02068
-2.06776
-2.22623
-1.40023
-1.56093
-1.15479
-1.48888
-2.11389
-1.38758
-2.2833
-1.45199
-2.17716
-2.31878
-1.52568
-1.69587
-1.57125
-1.79208
-2.59158
-1.61455
-1.51654
-1.05195
-2.00194
-2.15494
-2.46638
-2.82316
-2.65155
-1.67462
-1.69136
-2.11556
-2.65159
-2.8336
-1.8909
-1.87171
-1.7305
-1.82724
-2.43608
-1.81176
-1.78821
-1.77177
-2.39651
-2.02541
-1.83219
-2.01164
-1.72761
-1.71458
-1.73155
-1.17666
-2.3741
-0.999796
1.02639
0.996146
-0.996955
-0.99719
0.995718
-1.87595
-2.47019
-0.997695
-1.4933
-1.93114
-2.06584
-1.27226
-1.23251
-1.68783
-1.70872
-1.13788
-1.88699
-2.48872
-1.42046
-1.93148
-1.642
-1.77553
-1.739
-1.18086
-1.97309
-1.36482
-1.63896
-1.36779
-1.53798
-2.07693
-1.20601
-1.86043
-2.27809
-1.81144
-1.65314
-2.19936
-1.96868
-2.36348
-1.25932
-1.81245
-1.66003
-1.97301
-1.27591
-1.32336
-1.96833
-1.84859
-1.33394
-2.28379
-1.85544
-1.68343
-1.43157
-1.21174
-2.00505
-1.73929
-1.59762
-1.71113
-1.64183
-2.10487
-1.20294
-2.24592
-2.2806
-2.46617
-1.20206
-1.98635
-1.46236
-2.3245
-1.50052
-1.8619
-1.91396
-1.26404
-1.53805
-1.38155
-2.20159
-2.17375
-1.53344
-1.58014
-1.96553
-0.996557
-1.64374
-2.06783
-2.29764
-1.00193
-1.00428
-1.72025
-1.68205
-1.83415
-1.21944
-2.01141
-2.26496
-2.43195
-1.43564
-2.42201
-1.64088
-1.81898
-1.43533
-2.00401
-1.64792
-1.60655
-1.66082
-1.04273
-1.70221
-2.21273
-1.47356
-2.15352
-1.7846
-1.00313
-1.47372
-1.34239
-2.09481
-1.69179
-1.56349
-1.32563
-1.33442
-2.20017
-1.27304
-2.63217
-2.15948
-2.11463
-1.40503
-2.76112
-1.70051
-2.32707
-1.5304
-1.82086
-1.39375
-1.40225
-1.46146
-2.21753
-2.09312
-1.59632
-1.3539
-1.9029
-2.23108
-1.2341
-1.90397
-1.27988
-2.22695
-1.40399
-1.76956
-1.49523
-1.55816
-2.37204
-1.5044
-1.99597
-1.72322
-2.26568
-1.55594
-1.87857
-1.40552
-2.16329
-1.38408
-2.24369
-1.74849
-1.46166
-1.24558
-1.4132
-1.91257
-1.98222
-1.19119
-1.74246
-2.37564
-1.61854
-1.61942
-1.74347
-2.16705
-1.27599
-1.43221
-1.3577
-1.63523
-2.03403
-1.12038
-2.26048
-2.16687
-2.38534
-1.27441
-2.35422
-1.59832
-2.44975
-1.33211
-2.14086
-1.80567
-1.84535
-1.4725
-1.32804
-2.06264
-2.43092
-1.11557
-1.63858
-1.81077
-1.72275
-1.71047
-1.23575
-2.28501
-0.997173
-1.7422
-1.21375
-2.14047
-2.13626
-1.31545
-2.14096
-2.44895
-1.76178
-1.52866
-3.02373
-1.56025
-2.22722
-1.15086
-1.84973
-1.6326
-1.82413
-1.0018
0.995442
-0.999346
-0.999594
1.0042
-1.34906
-2.33927
-1.54899
-2.03676
-1.57262
-2.96163
-1.00183
-1.39066
-2.18138
-1.42753
-1.94469
-2.59743
-2.60081
-1.0017
-1.7311
-1.73972
-1.64914
-2.57361
-1.3124
-1.66266
-2.20436
-1.42896
-1.22749
-1.9928
-2.16859
-0.998135
-1.76017
-2.33826
-1.85363
-3.01345
-2.3502
-2.78287
-2.24947
-1.59178
-1.29422
-2.01512
-2.58062
-1.80208
-2.19306
-2.18581
-2.21887
-1.55765
-2.22462
-1.87519
-2.27634
-2.40158
-1.00237
-2.72745
-1.87167
-1.71905
-1.84192
-1.9956
-2.17734
-1.38676
-2.18054
-2.58985
-1.52031
-1.9922
-2.15014
-3.12645
-2.76307
-2.2347
-1.43959
-1.45726
-1.69679
-1.99369
-1.93692
-1.96838
-2.5249
-1.33488
-1.68491
-2.07235
-1.66175
-2.29653
-1.30924
-1.56247
-1.68844
-2.35172
-1.70984
-1.7884
-2.06145
-1.47873
-1.78133
-2.84365
-2.00136
-2.21885
-2.05283
-2.02245
-2.01828
-2.68444
-1.5816
-1.94494
-2.32991
-1.87911
-2.20795
-1.94379
-2.18985
-1.11607
-1.87477
-1.77786
-1.67192
-2.91861
-1.48837
-1.87272
-2.14276
-2.07761
-2.06333
-2.27836
-1.87244
-1.60618
-1.47887
-2.29179
-2.15031
-2.95202
-2.46283
-2.33398
-2.15153
-2.48131
-1.47172
-2.00088
-2.86668
-1.49779
-2.40503
-1.8376
-2.3389
-1.52936
-1.91798
-1.50672
-1.7843
-2.10831
-1.56783
-2.58531
-1.81914
-1.6152
-1.45057
-2.15432
-1.94095
-1.52748
-1.77387
-2.46936
-1.57526
-2.35673
-1.77622
-3.12688
-2.58967
-2.39319
-1.36348
-1.31958
-1.74403
-1.78814
-2.54148
-1.80268
-2.30926
-1.19094
-2.10658
-2.25613
-2.09109
-1.70805
-1.00431
-1.62175
-1.77389
-2.44471
-1.78886
-1.98832
-2.20857
-1.04319
-2.00555
-3.13802
-2.20666
-2.27593
-1.81506
-3.17894
-1.90389
-2.74039
-1.89034
-2.08716
-2.52369
-1.42167
-2.50464
-2.34435
-2.5724
-1.03343
-2.01976
-1.61912
-2.4631
-2.64415
-1.33718
-1.81682
-1.67373
-1.43631
-1.15627
-2.32913
-2.24013
-1.29446
-1.75529
-2.00931
-1.38132
-3.0815
-2.22605
-2.51953
-2.04082
-2.36536
-1.13984
-2.2817
-1.3652
1.00047
-0.998573
-1.00233
-0.996759
0.999263
-3.59789
-1.43534
-1.75223
-2.99718
-2.63831
-2.03113
-1.30915
-1.63024
-2.75919
-1.66485
-1.47241
-1.73577
-1.9834
-1.62618
-1.92243
-2.72757
-1.83648
-2.28052
-2.3759
-2.65892
-1.37689
-2.58353
-2.21076
-2.12623
-1.64368
-1.90354
-2.90766
-1.97059
-1.53883
-1.153
-2.49613
-2.11403
-2.5397
-1.31541
-1.39507
-1.52913
-2.17474
-1.99859
-2.06431
-2.44457
-1.54214
-1.47133
-2.12332
-2.09414
-2.15827
-2.78036
-2.17484
-2.29206
-1.1564
-2.35266
-1.44293
-1.79861
-1.48033
-1.75683
-2.62154
-2.0051
-2.05389
-1.93859
-2.09665
-1.72569
-2.71915
-1.22791
-2.09284
-1.91877
-2.05414
-1.83538
-1.84621
-2.64219
-1.93657
-2.17864
-1.974
-1.59878
-1.6695
-2.02662
-2.22019
-2.85518
-1.1279
-2.34237
-1.99688
-2.32622
-1.81285
-2.02974
-1.98629
-2.24167
-2.18132
-1.73596
-2.05894
-1.93069
-2.86461
-1.15543
-1.79177
-1.74283
-2.37128
-2.23621
-1.536
-1.95372
-1.80737
-1.00276
-1.994
-2.57488
-1.57443
-2.44492
-1.93758
-2.24545
-1.61229
-2.31714
-1.89807
-2.39078
-1.66622
-1.51877
-1.78256
-2.29187
-1.14419
-1.20614
-2.55868
-1.71156
-2.57136
-1.71799
-1.51972
-2.15501
-2.44928
-2.0144
-2.28827
-2.38756
-2.04932
-0.996067
-1.63653
-1.93608
-1.72727
-2.47861
-2.21059
-2.82624
-1.70633
-1.9491
-1.61663
-1.90665
-1.34017
-1.92407
-1.86705
-2.36225
-2.06964
-1.99558
-1.9481
-1.87796
-2.32029
-1.39121
-2.35349
-2.23407
-2.01022
-2.08706
-2.63482
-2.15033
-1.91102
-0.995173
-2.0438
-2.31135
-1.75195
-2.10459
-2.21741
-2.06784
-1.1518
-2.21278
-1.86188
-2.1792
-1.49983
-1.77994
-2.32743
-1.80781
-2.2121
-1.99668
-2.2889
-1.89613
-1.8746
-1.63572
-1.23522
-1.70814
-2.55539
-2.01396
-1.96736
-2.51194
-1.95275
-1.20867
-2.45728
-2.48428
-1.58352
-2.35506
-2.66606
-2.11914
-1.54176
-2.00309
-1.61202
-2.27015
-1.67352
-2.3719
-2.5401
-1.71208
-1.44792
-1.15038
-1.81639
-2.22172
-2.14889
-1.82504
-1.71386
-1.99371
-2.60561
-1.39787
-0.996408
-1.00433
-0.998345
0.996479
-2.63762
-2.00268
-1.78367
-2.15894
-1.76606
-2.81603
-1.95361
-2.15532
-1.66687
-2.20753
-2.08736
-2.07553
-1.31241
-1.38556
-2.13713
-1.46857
-1.92831
-2.77754
-2.39221
-1.5833
-1.64861
-1.83809
-2.36705
-2.05928
-2.0267
-1.46011
-1.92272
-2.09082
-1.30565
-3.14808
-2.42897
-2.11737
-2.30569
-2.33346
-2.35278
-2.54102
-2.20778
-3.01421
-2.13204
-1.76602
-1.38895
-1.98115
-2.42061
-1.53123
-2.33888
-2.34997
-2.05462
-2.39784
-2.44936
-1.8995
-2.83409
-2.27783
-1.76793
-1.7425
-1.91981
-1.60977
-1.20242
-2.27196
-2.03898
-1.96994
-2.43763
-2.48055
-2.08748
-2.0691
-1.72546
-3.18163
-2.38435
-1.72499
-1.0663
-1.95964
-1.43851
-1.65664
-2.76178
-2.10244
-1.70064
-1.56988
-1.85418
-2.51604
-3.02426
-2.16958
-2.40856
-1.48533
-1.69861
-2.06766
-1.50289
-1.74853
-1.59438
-1.87532
-1.89192
-2.95988
-1.91234
-1.99678
-2.03298
-3.12302
-2.10866
-1.87889
-1.76033
-1.4837
-1.91986
-1.90946
-2.20083
-2.75978
-2.20457
-1.76238
-1.9959
-2.25159
-2.49059
-2.48044
-2.27765
-1.9107
-1.97832
-1.93933
-2.08834
-2.88258
-2.29536
-1.47203
-2.09414
-2.62086
-1.61289
-2.42138
-2.38369
-2.49746
-2.1499
-1.88304
-1.12029
-1.73862
-2.14728
-1.19783
-2.10802
-2.25077
-1.42007
-2.23074
-1.82625
-1.89099
-2.95369
-2.2176
-1.6347
-1.92137
-2.20843
-1.82561
-1.55895
-2.72786
-2.02985
-2.13828
-2.4158
-2.23752
-1.89193
-2.08891
-1.47532
-2.93241
-2.46477
-1.84802
-1.00017
-1.89704
-2.02083
-2.33753
-2.30008
-2.12211
-2.0078
-1.81127
-1.65343
-2.61836
-3.02509
-2.03068
-2.04095
-1.53284
-2.24682
-2.1652
-1.80867
-2.29912
-2.09267
-2.15094
-1.86475
-2.77318
-2.64349
-2.04922
-1.83319
-2.07872
-1.52344
-2.02894
-1.14707
-1.43567
-2.22986
-1.0889
-1.89115
-2.74944
-2.12915
-1.45609
-1.7385
-2.2017
-2.49246
-2.37415
-1.99568
-1.7618
-1.91471
-1.60942
-2.15587
-2.65372
-1.77038
-1.74405
-2.38145
-2.37067
-2.11327
-2.74879
-1.23764
1.00339
1.00172
1.00314
0.998247
-0.996447
-3.28402
-1.60157
-1.00287
-2.3494
-1.93316
-1.71952
-1.80863
-1.5853
-1.2179
-1.53921
-1.9562
-1.26873
-1.71729
-1.68202
-1.82741
-2.42193
-1.74444
-2.07562
-2.17725
-2.19506
-2.01646
-1.33288
-1.18484
-1.8659
-1.63633
-1.79742
-1.47973
-1.75143
-1.58667
-1.29336
-2.16592
-2.0236
-1.35241
-1.00274
-1.78063
-1.42901
-1.25954
-1.72875
-2.14535
-1.21732
-1.0501
-2.10589
-1.78045
-1.99458
-1.3739
-2.0424
-2.28831
-2.25919
-1.55462
-1.37805
-1.71161
-1.83447
-1.07994
-1.76173
-1.61221
-1.47185
-1.7959
-1.80552
-2.20169
-2.14973
-1.3811
-1.43836
-2.4626
-0.996502
-1.09394
-1.36259
-2.47728
-1.24495
-1.23432
-1.73612
-1.00137
-1.8312
-1.59337
-2.1656
-2.48232
-2.14984
-1.42411
-1.54461
-2.16074
-1.96396
-1.8865
-1.95786
-1.83028
-1.64595
-1.69853
-1.65573
-2.60411
-2.26972
-0.997234
-1.29594
-2.3702
-1.25526
-1.10325
-1.59896
-1.7544
-0.997806
-1.39485
-1.8877
-1.25148
-2.52138
-1.41194
-1.75433
-1.70552
-2.44852
-1.76631
-1.4347
-1.28236
-1.87217
-1.89092
-2.04742
-1.75742
-1.78077
-1.28707
-1.39579
-2.44539
-1.93684
-1.33948
-0.997731
-1.8886
-1.65368
-1.22667
-1.6396
-2.21521
-1.50396
-1.70459
-1.37388
-1.5751
-2.28031
-1.77621
-2.20998
-1.80015
-2.02514
-1.51297
-1.21976
-1.99933
-2.16504
-1.36766
-1.87378
-1.87235
-1.83381
-2.22014
-1.71128
-2.19605
-2.13808
-1.8732
-0.99761
-2.09334
-1.33959
-1.01042
-1.43207
-1.89758
-1.08851
-1.89441
-1.65382
-1.00858
-2.07161
-1.30883
-1.90475
-1.95926
-2.0069
-1.24901
-1.55467
-1.78252
-1.91377
-1.39957
-2.2294
-1.61809
-1.73106
-1.83267
-1.52008
-2.58748
-2.40211
-1.32232
-0.998524
-2.13865
-1.33676
-1.30177
-1.47188
-1.69379
-1.14608
-1.39138
-1.88724
-1.51221
-2.39661
-1.49766
-2.2009
-2.39177
-1.70599
-1.61297
-1.35163
-1.54845
-2.09935
-1.32622
-1.71926
-1.59959
-1.61416
-1.644
-1.64928
-2.62224
-2.11409
-1.72703
-1.21541
-2.17439
-1.34717
-1.72691
-1.08771
0.998718
0.997429
0.995653
-0.999173
-1.8027
-2.24859
-1.85524
-2.47803
-1.55038
-2.13406
-1.85493
-1.83611
-1.58194
-1.29428
-2.40007
-1.76569
-2.26245
-1.6404
-2.81416
-2.55123
-1.0552
-2.37138
-2.82574
-1.69806
-2.37156
-2.29954
-1.23558
-1.95253
-1.38338
-1.90684
-1.98496
-1.6496
-1.01702
-2.19473
-2.10283
-2.0742
-2.59254
-2.20814
-1.30515
-1.7433
-1.86485
-1.24968
-2.08935
-1.00095
-2.02272
-1.9999
-2.9966
-2.67817
-1.84919
-2.21962
-1.82705
-2.23372
-2.40767
-1.78557
-1.34541
-2.27989
-1.52149
-2.33917
-2.4663
-1.79852
-1.71639
-2.15477
-1.48016
-2.42586
-2.31926
-2.50303
-2.00326
-1.40226
-1.80806
-1.27621
-2.7057
-1.1461
-2.18994
-2.03442
-1.96006
-3.16374
-2.37027
-1.85909
-2.33589
-2.01603
-2.2689
-2.35864
-1.40483
-1.50384
-1.69941
-1.58174
-1.89093
-2.4119
-1.57075
-1.35195
-1.73123
-2.15782
-1.78115
-2.46687
-1.95213
-1.5809
-2.14523
-1.3638
-2.42801
-1.8678
-1.85179
-1.53637
-2.43876
-2.5037
-0.998764
-2.01151
-2.97094
-2.07065
-2.39776
-2.16028
-1.53239
-1.99147
-1.47451
-1.75615
-2.23815
-1.66641
-0.997751
-2.56726
-1.90289
-1.68976
-2.39219
-2.32761
-1.77227
-2.07062
-1.62364
-1.26161
-2.30935
-2.08927
-1.80879
-2.06089
-3.07246
-2.56192
-1.99794
-1.71113
-2.39113
-2.65239
-2.25027
-2.12134
-1.77719
-1.7413
-1.65272
-2.43016
-2.60238
-1.31382
-1.22659
-1.87604
-1.96351
-1.89366
-2.26416
-2.27657
-1.68629
-1.00346
-1.65498
-1.39987
-2.17142
-1.29211
-1.90126
-1.97352
-2.02755
-3.31064
-2.37497
-2.06856
-2.0426
-2.05614
-1.63292
-2.75529
-1.31279
-1.06457
-1.73923
-2.03634
-2.50765
-2.23837
-1.75829
-1.52899
-1.74492
-1.95701
-2.07841
-2.36137
-1.96003
-1.82215
-1.78331
-1.14743
-2.31686
-2.05253
-2.12899
-1.58829
-2.33121
-2.8078
-1.70813
-2.47
-2.72784
-2.11976
-2.52611
-2.01351
-1.61451
-1.7368
-1.95539
-2.02654
-1.88573
-2.05366
-1.54565
-2.1327
-2.10201
-1.79399
-2.49626
-2.23294
-1.07669
-1.65173
-1.33368
1.45425
-0.998428
0.998853
0.997436
-0.999228
-2.50737
-2.93419
-1.25016
-2.65751
-1.85407
-2.32727
-2.12773
-2.77441
-2.01438
-1.59873
-1.33011
-1.06231
-2.40872
-1.72696
-2.21192
-2.86854
-1.91474
-2.02031
-2.71065
-1.95069
-2.32901
-2.60171
-1.2546
-2.48566
-1.17357
-2.04325
-2.885
-2.2776
-1.60087
-1.4432
-2.17062
-2.10942
-2.67284
-2.39703
-1.59465
-2.44127
-2.3883
-1.89283
-2.01581
-1.1811
-2.06458
-1.58177
-1.72985
-2.67036
-2.15047
-2.60145
-1.91126
-1.40116
-1.69341
-2.61692
-1.96054
-1.85891
-1.27365
-2.03602
-1.85196
-2.19589
-1.84008
-1.78235
-1.70943
-1.63346
-2.31044
-2.08141
-1.62233
-2.1872
-1.83057
-1.9232
-1.76996
-1.4297
-2.89833
-1.88748
-1.83561
-1.94497
-1.78529
-1.95914
-2.23141
-1.9212
-1.71635
-2.99545
-2.239
-2.12787
-1.8318
-2.46661
-2.53495
-2.14972
-1.49832
-1.88051
-1.52005
-1.94041
-2.68547
-2.45289
-2.0993
-2.19693
-2.32005
-2.14332
-1.51643
-1.31182
-2.35992
-1.48398
-2.69652
-2.64175
-1.88702
-1.8491
-1.96408
-1.64216
-1.54006
-2.74099
-1.87474
-2.28896
-1.15105
-1.93002
-1.96441
-2.53611
-1.4962
-1.39617
-1.72663
-1.9335
-2.18223
-2.5502
-1.26164
-2.47583
-2.07296
-1.89036
-1.83728
-1.49831
-1.72254
-0.995876
-2.19788
-2.58623
-2.03867
-2.22399
-2.54101
-1.89514
-1.7426
-1.80533
-1.53703
-1.90513
-1.37835
-2.20855
-2.0636
-2.30012
-2.16923
-1.77129
-1.95704
-2.24997
-2.74247
-2.02879
-1.38597
-3.1882
-1.55483
-1.9525
-2.42425
-1.4966
-2.74794
-1.49687
-2.20751
-2.49201
-2.1358
-1.99287
-2.52493
-1.73629
-1.95778
-2.29946
-2.22851
-1.88808
-1.47851
-2.19814
-1.67655
-1.98177
-2.12187
-1.81329
-1.3863
-1.844
-1.87839
-2.62983
-1.63046
-2.36257
-1.99005
-2.07232
-1.27994
-1.42741
-1.90401
-1.62476
-2.5036
-2.7305
-1.71075
-1.82135
-1.9348
-1.14637
-2.07988
-2.56614
-1.72409
-1.65692
-1.90336
-2.12188
-1.81465
-1.82147
-1.37006
-1.41964
-1.71141
-1.99781
-2.32026
-2.59284
-1.90322
-2.4312
-2.56674
-1.63496
-1.30767
1.00277
0.995739
-0.996619
-2.52506
-1.9162
-2.13199
-1.87962
-2.021
-1.28763
-1.8184
-2.12198
-1.71896
-1.93167
-1.77683
-2.90176
-2.20429
-1.97236
-1.37579
-1.67926
-1.53799
-2.33657
-2.63407
-2.06361
-1.99173
-1.87683
-1.76772
-1.43052
-2.52212
-1.96375
-1.42779
-1.86672
-1.82993
-2.58732
-1.98803
-2.04767
-2.507
-0.996081
-1.69686
-2.19087
-2.15247
-2.41087
-2.13591
-2.69969
-2.20599
-2.57495
-1.93365
-1.78232
-1.99536
-2.49521
-1.92607
-2.54866
-1.79707
-1.87637
-2.32258
-1.59281
-2.40144
-2.62117
-1.72836
-1.97421
-1.93359
-1.88715
-1.63461
-2.54645
-3.23597
-1.40252
-2.066
-2.08862
-1.3124
-2.45098
-2.00626
-2.37638
-2.35675
-2.41303
-1.17696
-1.96149
-1.70231
-2.30852
-2.53676
-1.78963
-1.77239
-2.54071
-2.13101
-1.24158
-2.1966
-2.47803
-1.22121
-2.38409
-1.97475
-1.89919
-1.64408
-1.41419
-2.36239
-1.85666
-2.1381
-1.79324
-1.98864
-2.45208
-1.91617
-2.18295
-1.96216
-1.83145
-1.40995
-1.94869
-1.68086
-2.34718
-2.90099
-1.83867
-2.11058
-2.6386
-2.31173
-2.01531
-2.15778
-2.77263
-1.08551
-1.83599
-2.17067
-2.65352
-2.27282
-1.75837
-2.6951
-1.84127
-1.96954
-2.18075
-2.37919
-2.29003
-2.29832
-2.17862
-2.30413
-2.22627
-1.62129
-1.49582
-1.33751
-2.20105
-2.48343
-2.43089
-1.8116
-1.68229
-1.74782
-1.82133
-2.21966
-2.73152
-1.57989
-1.94384
-1.77045
-2.18958
-1.30208
-2.68328
-3.08373
-1.66803
-2.0346
-1.535
-1.35242
-2.36281
-2.48477
-2.22157
-2.3389
-2.27857
-1.63331
-2.07876
-1.96541
-1.7585
-2.25078
-1.79922
-1.81532
-2.50835
-2.18339
-1.53989
-2.32249
-2.26936
-1.79184
-2.72611
-2.28763
-1.97234
-1.41785
-2.35893
-2.10469
-1.79079
-2.55943
-2.13347
-1.96407
-1.7651
-2.32362
-2.80159
-2.39268
-1.83283
-1.58276
-1.80253
-2.23455
-2.42765
-2.68915
-1.77192
-1.5102
-1.92959
-1.6418
-1.83583
-2.3934
-2.46438
-1.27818
-1.86686
-1.37279
-2.64191
-1.89725
-1.78652
-2.40753
-1.63999
-1.7256
-2.3487
-1.00343
1.00065
0.998376
-1.00137
0.998299
-0.99887
-3.00793
-1.70897
-1.76773
-2.63648
-2.50102
-2.08016
-1.00045
-2.14642
-1.87391
-1.83075
-1.89035
-2.30244
-1.44961
-2.16903
-2.623
-2.36056
-1.74551
-2.01058
-1.91749
-1.21634
-1.74902
-1.30472
-1.67859
-1.86768
-1.40455
-1.28951
-1.63009
-1.04229
-1.66827
-1.35545
-2.10436
-1.85626
-1.76818
-1.88096
-1.1886
-1.55466
-1.96414
-1.78758
-2.29739
-2.5139
-1.31207
-1.92068
-1.78211
-1.67717
-2.03875
-1.79984
-1.82101
-1.5351
-1.958
-1.54487
-2.04458
-1.75185
-1.08181
-1.47108
-1.91642
-1.3344
-1.86464
-0.999268
-2.02164
-1.80428
-2.06706
-2.12319
-1.73334
-1.43605
-1.13598
-1.35986
-2.13602
-2.77829
-1.53846
-2.18782
-1.87286
-1.94933
-1.88352
-1.89111
-1.55036
-1.58262
-1.98446
-1.78675
-2.02007
-1.81357
-1.73151
-1.40514
-1.50077
-1.00304
-2.04221
-1.46507
-2.12236
-1.56858
-1.98639
-1.41519
-1.41758
-1.73187
-1.78446
-1.71963
-1.72539
-2.18757
-1.88247
-1.88932
-2.3712
-2.50968
-1.55409
-1.99477
-1.33607
-1.24482
-1.50666
-1.41884
-1.76868
-1.7663
-1.76534
-1.48685
-1.85455
-1.57735
-1.70896
-1.32214
-2.29782
-1.88714
-2.55957
-1.88101
-1.06701
-1.56961
-1.57585
-1.74106
-2.28273
-2.84068
-2.07929
-1.50406
-1.83635
-1.96256
-1.74289
-2.2049
-1.60556
-1.66444
-1.78836
-1.63659
-1.9358
-2.06045
-1.00022
-1.5207
-2.04017
-1.65463
-2.09689
-1.25822
-2.71837
-1.33054
-1.96122
-1.75707
-1.28103
-1.95654
-1.18575
-1.44626
-2.1045
-1.94992
-1.8151
-2.03031
-1.79421
-2.31086
-1.44668
-1.80382
-1.8951
-1.34212
-1.78792
-1.80147
-1.98042
-1.71116
-1.16269
-1.66095
-1.07781
-0.996537
-2.16387
-1.19059
-2.34964
-1.75381
-2.22513
-2.06631
-1.48684
-1.7267
-2.01764
-1.79895
-2.28751
-2.04025
-1.68536
-1.77741
-1.89166
-2.27807
-1.76694
-2.12891
-2.11916
-0.999455
-1.3363
-1.58987
-1.68756
-2.26586
-1.40829
-1.74635
-1.83452
-1.62004
-1.71538
-1.36901
-1.95457
-1.97155
-2.72993
-2.18814
-1.11223
-1.67479
-2.28995
-0.999303
1.00316
-0.997806
0.995973
-0.998243
-2.25697
-1.93107
-1.84036
-2.12737
-1.73956
-1.05074
-2.42042
-2.71666
-1.19862
-1.00019
-1.03855
-2.42399
-1.65941
-1.64064
-1.73485
-1.66241
-1.28952
-2.08311
-2.23264
-1.18559
-1.92721
-1.8373
-1.37604
-2.27417
-1.24268
-1.43815
-1.44267
-1.86826
-2.20408
-2.28875
-1.84586
-1.91554
-1.90342
-1.58518
-1.47863
-2.02651
-1.38799
-1.33324
-2.07538
-2.09663
-1.08537
-1.90247
-1.79723
-2.43693
-1.48896
-1.95329
-1.72068
-1.68572
-2.11389
-1.53029
-1.52548
-2.16536
-0.996873
-1.97914
-1.72419
-1.75603
-2.60718
-1.46801
-1.45414
-1.60226
-2.06386
-2.1711
-2.28887
-1.64784
-0.999735
-1.78119
-2.02959
-1.48204
-1.63711
-2.51229
-1.51733
-2.22847
-1.51587
-1.5857
-1.8425
-1.40083
-2.22035
-1.81316
-1.7496
-1.94767
-1.08822
-1.39877
-1.8385
-2.57756
-2.90861
-1.53822
-1.92091
-1.53195
-1.6868
-2.26391
-2.36162
-2.35366
-1.075
-1.73851
-1.74288
-2.35558
-1.47603
-1.27433
-1.30072
-1.93464
-1.29979
-2.12479
-2.10339
-1.505
-1.94385
-1.71211
-1.36796
-2.59188
-1.73658
-1.18761
-1.35917
-1.82017
-2.32012
-2.3124
-1.95297
-1.45687
-1.60106
-1.68737
-2.11504
-2.32141
-1.58716
-1.00268
-2.04535
-2.71447
-0.995652
-2.07097
-1.73362
-1.98452
-1.3911
-1.22016
-2.02792
-2.41125
-2.14864
-1.00084
-1.31679
-1.7649
-1.00408
-2.09988
-2.20365
-1.73198
-2.41665
-1.60803
-1.43176
-1.51361
-2.09125
-2.15023
-2.32472
-1.34484
-1.34409
-1.59306
-1.92553
-2.00819
-1.18536
-2.23055
-1.00629
-2.79996
-1.93085
-1.48597
-1.61371
-1.00389
-1.36672
-1.8696
-1.62319
-1.99605
-1.0315
-1.96282
-0.997101
-2.58479
-2.80168
-2.04595
-2.14993
-1.18934
-1.63916
-2.26179
-2.59744
-2.18183
-1.27196
-1.2585
-1.60505
-2.63454
-1.72377
-1.52648
-1.57693
-1.61683
-1.33023
-2.46981
-2.20828
-1.78011
-1.86352
-1.71174
-1.22998
-1.702
-1.38175
-2.11282
-1.50066
-1.47615
-1.94815
-1.9156
-2.07325
-1.38744
-2.26071
-1.51291
-2.21881
-2.46603
-1.10418
1.72994
-0.996268
-0.996758
0.996735
-0.9974
-2.69955
-2.05832
-1.00095
-2.73191
-2.14712
-1.29834
-2.05894
-2.22772
-1.93079
-1.66088
-1.77688
-1.96317
-2.10762
-1.71667
-2.07838
-2.42268
-1.8039
-2.29474
-1.91532
-2.43706
-2.00678
-2.48983
-1.57471
-1.95748
-1.41041
-1.43691
-2.28981
-1.93261
-1.95293
-1.19953
-2.66991
-1.90641
-2.47363
-1.16982
-1.22167
-1.92532
-2.24626
-1.77137
-1.98856
-2.33346
-1.73801
-1.41346
-2.49754
-2.19378
-2.19004
-2.64257
-1.94903
-2.2156
-1.72461
-2.30063
-2.33712
-2.06687
-1.29792
-1.51099
-2.28976
-1.96806
-2.08648
-2.02066
-1.68771
-1.70245
-2.9505
-1.24486
-1.86219
-1.77792
-2.14056
-1.76843
-1.57698
-2.5575
-2.66869
-1.71098
-1.26959
-1.81902
-1.91748
-2.13444
-2.3172
-2.68468
-1.2863
-2.21784
-1.96071
-2.10874
-1.53241
-1.81763
-2.70742
-2.09911
-1.78923
-1.64778
-1.95895
-1.71915
-2.43413
-1.14213
-2.21047
-1.89233
-2.68253
-2.02496
-1.62133
-1.84334
-1.51584
-1.34539
-2.12068
-2.46918
-1.61841
-2.07312
-2.27801
-2.07803
-1.93881
-2.26116
-2.10996
-2.36185
-1.43105
-1.61905
-2.28626
-2.12193
-1.85017
-1.70157
-2.29543
-1.72288
-2.58105
-1.40085
-1.49559
-2.15916
-2.11996
-1.89904
-2.5488
-2.36461
-1.77342
-1.2961
-1.6816
-2.03156
-1.55079
-2.33045
-2.72597
-2.35004
-1.00092
-2.09537
-1.9052
-1.985
-1.4399
-1.9134
-2.38912
-1.93607
-2.00336
-1.93555
-1.61532
-1.6629
-3.00457
-1.34357
-1.55831
-2.21179
-1.8918
-1.43702
-2.11866
-2.33819
-2.40346
-1.12287
-2.24375
-2.21145
-1.84816
-1.96939
-1.8635
-2.37948
-1.28259
-2.38899
-2.03368
-2.04099
-1.75346
-1.73833
-2.51436
-1.84133
-2.19313
-1.76997
-1.75249
-1.79433
-2.3535
-1.53065
-2.0275
-1.89475
-2.20648
-1.96057
-1.75324
-2.1865
-1.95953
-1.40741
-1.96488
-2.48997
-1.86328
-2.59444
-2.52032
-2.02723
-1.69095
-2.0684
-1.4155
-1.9457
-2.10378
-1.78776
-1.66492
-1.78258
-1.74414
-1.43839
-2.20557
-2.12333
-2.36796
-1.58274
-1.73315
-1.99689
-2.25225
-1.05656
-1.29004
-0.998261
0.997001
-0.999204
-2.181
-1.95979
-1.48753
-2.09201
-1.69706
-1.86775
-2.45721
-2.17269
-1.7327
-2.17112
-1.41542
-1.94794
-1.85617
-1.48925
-2.0308
-1.78994
-1.49975
-1.98394
-2.23142
-1.83642
-1.66566
-2.53723
-1.73598
-2.42807
-1.92438
-1.59955
-2.32196
-1.35832
-1.258
-1.59321
-2.11118
-2.51394
-2.5101
-2.36354
-1.83927
-2.47053
-1.96556
-1.97959
-1.23832
-1.74297
-1.89603
-2.24551
-2.02459
-1.7962
-1.87867
-0.999913
-1.57305
-2.34598
-2.18853
-2.33051
-2.40379
-2.57173
-1.5935
-1.58442
-1.98971
-1.19781
-1.57106
-1.56459
-1.95503
-2.7104
-2.70786
-2.08833
-2.12883
-2.2441
-1.84086
-2.79254
-1.44718
-1.42846
-1.65593
-1.51012
-2.27813
-2.10754
-2.09512
-1.65879
-1.6363
-1.81395
-1.60489
-3.10338
-2.14184
-2.24007
-2.28184
-1.83468
-2.14014
-1.49502
-2.26433
-1.49745
-1.51818
-2.49535
-2.84257
-2.55167
-1.51335
-1.76006
-1.48925
-2.12199
-1.48898
-2.21067
-1.68909
-1.6801
-1.98742
-1.6818
-1.52458
-1.98285
-2.28307
-1.90239
-1.57212
-2.49893
-1.59815
-2.47347
-2.21182
-1.2426
-2.23957
-1.00149
-2.16861
-1.96158
-1.9695
-2.11321
-2.36166
-1.86165
-1.63547
-2.57257
-1.77332
-2.06437
-1.34541
-1.67334
-1.81348
-2.1155
-2.49251
-1.79535
-1.84953
-1.45781
-1.49988
-2.38322
-1.96921
-2.37883
-2.14147
-2.19815
-1.86891
-1.8406
-2.28957
-1.52965
-1.52648
-1.50284
-2.12968
-3.01203
-2.81522
-2.10026
-2.00583
-2.26305
-1.20014
-2.57346
-2.57147
-1.82501
-1.32112
-0.999093
-1.84183
-2.10262
-2.28059
-1.74981
-1.59216
-2.11867
-1.58701
-3.00841
-2.00477
-2.35654
-2.36248
-1.69884
-2.00261
-1.81036
-1.90315
-1.42699
-1.90899
-2.11338
-2.61415
-2.28094
-2.51601
-2.17829
-1.42734
-1.97771
-0.997358
-1.73643
-1.88223
-1.38992
-2.0977
-1.78893
-1.65749
-2.05913
-2.0965
-1.81269
-1.78441
-2.97882
-1.7203
-2.35717
-2.19588
-1.48109
-2.28286
-1.20922
-1.81683
-1.85988
-2.15782
-2.29511
-2.56965
-2.11244
-1.22193
-2.69409
-1.4609
1.00435
1.00051
0.998166
-0.999592
-0.997996
-2.60172
-2.15589
-1.00036
-2.16332
-2.1075
-2.01494
-2.32483
-2.0526
-2.06158
-1.64771
-1.74233
-1.02792
-2.10346
-1.56925
-1.6699
-2.20435
-1.53146
-1.84911
-2.01994
-1.65763
-1.57843
-1.93086
-1.17546
-1.39359
-1.28794
-1.8955
-1.99027
-2.27791
-1.76835
-1.36059
-2.05982
-2.06527
-1.62218
-2.08293
-1.70845
-1.43909
-1.45216
-1.40318
-1.8697
-1.48115
-1.74019
-1.70729
-1.84763
-2.24734
-1.64613
-2.12027
-2.09759
-1.66939
-1.64818
-1.77537
-1.91682
-1.08509
-1.09035
-1.97014
-2.08769
-2.19385
-1.87368
-1.7679
-1.71908
-1.31523
-1.66089
-1.63604
-2.35092
-1.77824
-1.70182
-1.22434
-2.20434
-1.16724
-2.13051
-1.57006
-1.79142
-2.22166
-1.79447
-1.87557
-2.52928
-1.86752
-1.0655
-1.48792
-1.89613
-1.29494
-0.9979
-2.2574
-1.53904
-2.41854
-1.94239
-1.69646
-2.08195
-2.09655
-1.49191
-1.79432
-2.0148
-1.70034
-1.74758
-1.86947
-1.94418
-1.21819
-1.96437
-1.23681
-1.62024
-2.15035
-1.11881
-2.05839
-2.04669
-1.66763
-1.51927
-1.86657
-1.28856
-1.96184
-1.22519
-2.04372
-1.98458
-2.74673
-2.00966
-1.2404
-2.02921
-1.99057
-1.86231
-1.86912
-1.67912
-1.98066
-1.63147
-1.21833
-2.28795
-1.00243
-2.10225
-1.24669
-2.17536
-2.24835
-1.75569
-1.86106
-2.12451
-1.39772
-1.92507
-1.75385
-1.9348
-1.3815
-1.21066
-2.36502
-1.50968
-2.07484
-2.22854
-1.55156
-1.63846
-2.01312
-1.25282
-2.03119
-1.84885
-1.91469
-1.57237
-1.42418
-2.16036
-1.01808
-2.07868
-1.39336
-1.68786
-2.42404
-1.70004
-1.98532
-2.42686
-1.20697
-0.997287
-1.25391
-1.61342
-1.7123
-1.13051
-2.16927
-1.45518
-2.22195
-2.19783
-1.94524
-1.80271
-1.96404
-1.2602
-2.08042
-2.24517
-1.37616
-1.88074
-1.62468
-1.84043
-1.201
-1.75949
-1.50833
-1.97918
-1.88892
-1.65322
-1.71344
-2.46236
-1.47608
-1.84825
-1.71959
-1.34806
-1.37496
-1.4624
-2.02613
-2.17055
-2.48061
-2.0516
-1.43943
-2.08365
-1.94122
-1.00439
-1.93224
-1.84957
-1.64821
-2.00378
-1.0357
1.43493
0.99721
-0.99865
-0.995887
-1.89819
-2.24365
-1.37169
-2.3677
-0.998841
-1.98432
-1.61744
-1.78171
-2.64136
-1.5222
-1.92174
-1.68862
-2.13801
-1.47751
-2.15026
-2.46724
-1.82186
-2.32805
-2.36733
-2.31646
-1.86667
-1.48852
-2.27073
-2.30366
-1.59933
-2.1584
-2.07397
-1.52872
-1.51268
-2.44677
-1.92463
-1.89857
-2.35112
-1.82023
-1.46647
-1.70829
-2.29089
-1.41025
-2.51924
-1.31988
-1.76583
-1.89642
-2.22979
-1.74281
-1.93586
-1.6969
-2.35319
-2.82636
-2.06113
-1.30116
-1.70643
-1.60171
-2.03735
-2.29724
-2.25745
-2.09772
-1.84563
-1.9158
-1.68179
-2.61218
-2.0932
-1.68584
-1.92102
-1.47819
-2.53486
-1.75462
-2.68929
-1.40666
-1.48983
-1.74282
-2.18819
-2.45113
-1.58537
-1.66156
-2.32505
-1.82911
-1.82348
-2.19475
-1.88838
-1.7353
-1.78978
-1.90786
-1.85894
-2.51622
-2.29429
-2.05754
-1.58287
-2.10077
-1.47428
-2.1419
-1.73389
-1.4276
-2.73755
-1.27649
-2.68636
-1.99773
-2.04679
-1.19151
-2.0982
-1.6854
-1.83284
-2.21332
-2.24737
-2.24506
-2.00673
-1.07062
-2.11846
-2.06645
-2.24133
-2.15454
-2.14302
-1.96803
-1.499
-2.49364
-1.89944
-2.02249
-2.08473
-1.51147
-1.58114
-1.99646
-2.60932
-1.63538
-2.36163
-1.23591
-2.20215
-1.67303
-2.20197
-1.71922
-1.59054
-1.84004
-1.63902
-2.78794
-2.67575
-1.49168
-1.77245
-1.33936
-1.6182
-2.40715
-2.33547
-2.22421
-1.64044
-2.13942
-1.51628
-2.56775
-1.7619
-1.88062
-2.06482
-1.47825
-2.28338
-2.03441
-2.50267
-1.39406
-1.96379
-1.29677
-2.17659
-2.29504
-2.07212
-2.0836
-2.24706
-1.68456
-1.61635
-1.80466
-2.1783
-1.7149
-1.74953
-2.17071
-1.87158
-2.58212
-2.1272
-2.02943
-1.83387
-2.23461
-1.5458
-2.0231
-1.68395
-1.54673
-2.76528
-1.46246
-2.34068
-1.85099
-2.17671
-1.62058
-2.14171
-1.93964
-1.3864
-2.36327
-2.70702
-2.31829
-2.18934
-1.10838
-1.75966
-1.99528
-1.46238
-2.20048
-2.35819
-1.9495
-0.998915
-2.26291
-1.77155
-1.85578
-2.04579
-2.11996
-1.56721
-2.04303
-1.17749
0.999998
-0.997686
0.99817
-0.998124
-0.997499
-2.73307
-1.49472
-1.2682
-2.45006
-1.44181
-2.53387
-2.34694
-2.35643
-2.10882
-1.9772
-1.21257
-1.04537
-2.17044
-1.47677
-2.11192
-2.69262
-1.65874
-1.63868
-2.8832
-1.7157
-1.92195
-2.31273
-2.26942
-2.15971
-1.00377
-1.97987
-2.44418
-2.54537
-1.66843
-1.64428
-1.74099
-1.61424
-2.00121
-2.5106
-1.25217
-2.25194
-1.75516
-2.0523
-2.00893
-1.70247
-2.07064
-1.44226
-2.56435
-2.7816
-1.70414
-2.14746
-2.32513
-2.16752
-2.08105
-1.83392
-1.9847
-1.81838
-1.22156
-2.34821
-2.54906
-2.41478
-2.13683
-1.79994
-1.8458
-2.12402
-2.43089
-2.34133
-2.0515
-3.08898
-1.70288
-1.85197
-2.15215
-1.11162
-2.36289
-1.31994
-2.0309
-2.57243
-1.80362
-1.8955
-2.18002
-1.82776
-1.53793
-1.81632
-1.68641
-1.9059
-2.03482
-2.27821
-1.88852
-1.43941
-2.26652
-1.64873
-1.31505
-1.78157
-2.3014
-2.43038
-1.78254
-2.41004
-2.02649
-1.86666
-1.22545
-1.45551
-1.88338
-1.42306
-2.06706
-2.66135
-1.75478
-2.4147
-2.63069
-1.60058
-2.571
-2.7013
-1.24244
-1.73376
-1.50025
-2.53518
-2.2618
-1.84794
-1.35784
-1.29975
-1.74856
-1.93289
-2.64429
-2.69971
-1.86214
-2.57342
-2.13016
-2.2448
-1.99867
-1.65664
-2.2142
-2.13251
-2.0324
-2.51519
-2.26384
-2.30031
-2.33162
-1.20264
-2.05424
-2.44653
-1.65197
-1.76367
-1.13082
-2.13379
-1.96125
-2.1343
-2.07992
-1.55888
-2.10817
-1.57441
-2.38898
-2.11018
-2.28466
-2.9817
-1.57594
-1.61857
-1.90227
-1.52529
-2.42193
-1.61387
-1.95886
-2.51971
-1.69705
-2.1472
-2.10819
-1.68214
-1.50904
-2.55415
-2.15859
-2.18315
-1.6902
-2.09758
-2.65222
-2.30508
-1.49051
-1.4891
-1.65913
-2.56429
-2.32267
-1.75324
-1.78933
-2.28742
-1.95782
-2.27504
-1.61272
-1.72094
-2.62224
-1.65865
-2.41421
-2.91089
-1.88006
-2.3027
-2.23136
-2.04789
-1.7444
-2.58504
-1.87354
-2.01001
-1.55822
-1.68918
-2.28099
-2.35121
-1.28213
-1.48451
-1.65886
-1.7739
-2.16024
-2.46701
-1.52412
-2.00942
-2.72437
-1.19253
-1.15133
0.997512
-0.997819
-0.996346
-1.8578
-1.94904
-2.06488
-1.73451
-2.51984
-1.83378
-2.55431
-2.59914
-1.35526
-2.15943
-2.10013
-2.83819
-2.43379
-1.86493
-1.986
-2.31975
-1.30899
-2.49558
-2.98569
-1.69343
-1.00288
-1.01269
-1.15584
-2.0771
-1.91399
-2.08176
-2.08534
-1.42535
-1.52006
-1.40424
-2.27452
-1.773
-2.89476
-1.75971
-1.80358
-2.60053
-1.61408
-1.45979
-1.27726
-1.67349
-1.83923
-2.80866
-2.3914
-2.05816
-2.09183
-2.21278
-1.87629
-1.69746
-1.58954
-1.14117
-1.43912
-1.54074
-1.52035
-2.3787
-1.86138
-1.91388
-2.52974
-1.7903
-1.75365
-1.9552
-2.18744
-1.17097
-2.13818
-2.69134
-1.94647
-1.9789
-1.83075
-1.91674
-2.55615
-2.15556
-1.82287
-2.5705
-2.64986
-2.41197
-2.52124
-1.64923
-1.25954
-1.61015
-1.41633
-1.29151
-2.10091
-2.35923
-1.00149
-1.75045
-2.31863
-1.14984
-2.44461
-1.88788
-2.46634
-1.60152
-2.25538
-2.23691
-1.2871
-1.65591
-2.43564
-2.61926
-2.33372
-2.01403
-1.81992
-2.05659
-1.18729
-2.46016
-2.58311
-1.53764
-1.62683
-1.68781
-1.25572
-1.79868
-1.87177
-1.58706
-1.63634
-1.55704
-1.72347
-1.20249
-2.68087
-1.58882
-2.20327
-1.7871
-2.56302
-3.05854
-1.70727
-1.36591
-1.55004
-2.08885
-1.96724
-2.87558
-2.28372
-1.99574
-1.86838
-2.35691
-2.54607
-2.11544
-1.46215
-1.35893
-2.02613
-2.0765
-1.8522
-2.51455
-2.42396
-1.52591
-1.84831
-1.03379
-2.56787
-2.33476
-2.08893
-1.06468
-2.1468
-2.3129
-1.48771
-2.22594
-2.36912
-1.94372
-2.33043
-1.87649
-1.38498
-2.24731
-2.8674
-2.12949
-2.31618
-1.22921
-1.56496
-1.52135
-1.28414
-1.02503
-1.84452
-2.30898
-1.92302
-2.20796
-2.34871
-0.998726
-2.34642
-1.50673
-1.86483
-1.83658
-1.80409
-2.01453
-1.30549
-1.73968
-1.91168
-2.90587
-2.8182
-2.30079
-1.50333
-1.68793
-1.35138
-2.54092
-2.70209
-1.56742
-1.6987
-1.56519
-1.25305
-1.90873
-2.33199
-1.97458
-1.70562
-1.9253
-2.3607
-1.6882
-2.59911
-1.61957
-2.24509
-1.66675
-1.62051
-2.58761
-1.12803
1.00099
0.998111
-0.996957
-0.998669
-0.997613
-2.73525
-1.90919
-1.71573
-1.85099
-2.67804
-2.25566
-1.86575
-1.49274
-1.51215
-1.64416
-2.16513
-2.27531
-2.43032
-1.56154
-1.78528
-2.09736
-1.39195
-2.01858
-2.08654
-2.37788
-1.89232
-1.2342
-1.42811
-1.63358
-1.68577
-1.04856
-2.29821
-2.109
-1.05999
-0.99717
-2.35781
-1.29275
-2.29106
-1.38924
-1.11641
-1.04407
-1.74781
-1.50232
-2.48052
-2.3578
-1.78914
-1.60174
-1.36063
-1.73062
-1.95945
-2.13052
-1.56948
-1.85834
-1.91278
-1.31532
-1.5764
-1.75658
-1.49858
-1.27365
-1.92443
-1.61325
-1.59585
-1.10799
-1.86566
-1.3576
-2.13949
-1.43915
-0.99861
-1.36229
-1.52154
-1.51275
-2.58177
-2.2343
-2.58823
-1.47544
-1.17396
-1.84127
-1.70352
-1.94403
-1.98305
-2.42705
-1.70316
-1.52718
-1.73862
-1.72125
-2.01168
-1.52934
-2.27947
-1.89658
-1.88879
-1.0838
-2.45244
-1.37473
-1.80535
-1.51381
-1.0333
-1.11082
-1.89316
-1.05222
-2.11785
-2.40748
-2.00325
-1.37573
-1.52387
-2.19162
-1.33005
-1.92573
-1.68449
-2.38862
-1.7961
-1.2412
-1.56884
-1.9197
-1.4689
-1.11502
-2.16993
-2.16431
-1.58259
-1.28984
-2.40957
-1.6771
-2.13367
-1.17348
-0.997015
-0.997464
-1.66294
-1.24365
-2.60885
-2.51989
-1.57844
-1.68292
-1.78041
-1.75423
-1.81904
-1.97011
-1.73899
-2.15461
-1.73223
-1.4349
-1.67251
-1.76977
-1.47324
-1.57175
-2.42266
-2.14722
-1.76218
-1.05174
-2.2894
-1.7918
-2.04305
-1.36367
-1.45907
-1.40184
-1.40044
-1.00403
-2.43674
-2.29642
-1.6714
-1.29851
-1.20822
-1.22339
-1.36604
-2.16677
-2.11403
-2.19518
-1.60464
-1.60307
-1.61509
-1.59528
-1.40654
-1.64356
-1.63482
-1.38177
-1.93317
-1.00348
-2.11205
-1.66683
-1.97472
-1.25446
-1.25455
-1.27554
-1.87247
-1.41322
-1.87534
-2.10294
-2.08048
-1.20286
-1.27691
-1.67502
-1.46776
-2.22943
-1.36847
-2.36465
-2.02767
-1.49043
-1.43676
-1.6698
-1.98302
-1.28808
-2.09969
-2.35067
-1.63099
-1.08996
-2.42554
-1.83957
-2.51933
-1.54971
-1.0425
-1.16246
-2.20475
-1.00405
0.995965
-1.00459
-0.997951
-0.996908
-1.44443
-2.01211
-1.54192
-1.74219
-1.58117
-2.58217
-2.60894
-1.37495
-1.85424
-1.43225
-2.02525
-2.35435
-2.9324
-1.57772
-1.80398
-1.23999
-2.06251
-2.95824
-2.28814
-1.35045
-2.0004
-1.72023
-1.14299
-1.96067
-1.86088
-2.08044
-1.85774
-2.6248
-1.65067
-2.57659
-1.94283
-2.254
-1.60712
-1.7739
-1.62501
-1.58909
-2.01745
-1.77024
-2.43697
-1.57102
-1.64622
-2.27508
-1.7947
-1.00192
-2.47377
-1.43349
-1.85284
-1.70936
-2.13954
-1.73773
-1.84444
-1.49591
-1.21561
-2.49093
-1.9107
-2.46686
-2.45919
-2.52589
-1.78919
-2.54234
-1.78857
-1.78835
-1.97433
-1.29094
-2.25123
-2.47742
-2.90647
-1.70497
-2.26045
-1.3167
-1.73641
-1.838
-2.7218
-1.81952
-2.65216
-1.38793
-1.96827
-2.20231
-2.00787
-2.14997
-1.11336
-1.68732
-1.81712
-2.61748
-2.23106
-1.80011
-2.02551
-2.43955
-1.61617
-2.52809
-1.99564
-1.79854
-1.53141
-1.57561
-1.64824
-2.17613
-2.52971
-1.43361
-1.48817
-1.20576
-2.12487
-2.45436
-2.33754
-1.73164
-1.90389
-1.09285
-1.56415
-1.9961
-1.79471
-1.79059
-1.58826
-2.37009
-2.07009
-2.1676
-2.15676
-2.04259
-1.78768
-2.52138
-2.1369
-2.28293
-2.4557
-1.78897
-1.84103
-1.88542
-1.57678
-1.7085
-2.32237
-1.80864
-2.37845
-1.14055
-2.00427
-1.41273
-2.30573
-1.73453
-1.90041
-1.58836
-1.98832
-1.98679
-2.0859
-2.34582
-2.33022
-2.75037
-1.28
-2.64703
-2.26743
-2.14995
-1.74352
-0.999507
-1.47178
-2.46908
-2.50901
-2.11451
-1.89139
-1.67666
-1.00085
-1.87036
-2.27273
-1.7498
-2.41471
-0.998352
-1.66047
-2.06609
-2.15255
-1.7784
-1.46057
-2.32773
-1.17913
-2.42149
-2.82904
-1.82547
-1.84611
-2.24925
-1.45224
-2.576
-2.18941
-1.23694
-1.84641
-1.86655
-2.24819
-2.91761
-2.52385
-2.06292
-1.85159
-1.41768
-1.36524
-2.19073
-2.52743
-1.14124
-2.28357
-1.83963
-1.60443
-1.89205
-1.6677
-1.50636
-1.76264
-1.88367
-1.99242
-2.2927
-2.78202
-1.94525
-1.91629
-1.82659
-1.75927
-2.21859
-1.07602
0.99944
-0.998973
-0.996851
-0.9989
-0.997793
-2.56993
-1.78442
-1.40181
-2.55839
-2.3059
-2.65899
-1.97767
-1.98005
-2.48099
-2.19798
-1.82042
-1.93895
-1.75541
-1.3084
-1.68004
-2.40801
-1.97608
-2.26474
-2.62491
-2.12677
-1.64031
-2.41169
-2.09722
-2.2997
-1.55472
-1.96406
-2.73251
-1.9384
-1.7699
-1.74156
-2.34695
-2.14761
-2.01027
-2.10901
-1.86493
-1.87567
-2.30638
-1.75536
-2.11248
-1.91885
-2.12699
-1.7878
-1.77912
-2.00446
-1.6
-2.30795
-1.97003
-2.1221
-1.92619
-2.28184
-1.74761
-2.09918
-1.36612
-1.21961
-2.11847
-2.28202
-2.10637
-1.70536
-2.16178
-2.23367
-2.33056
-0.995953
-1.23242
-2.01714
-2.01785
-2.1427
-1.46417
-2.74746
-1.78252
-1.19268
-1.912
-2.4884
-2.06764
-2.10162
-2.0058
-2.24574
-0.996066
-2.03637
-2.41011
-2.29178
-1.91064
-1.63873
-2.15302
-1.94553
-2.13772
-1.86674
-2.0556
-2.27742
-2.62324
-1.28495
-1.85383
-2.1037
-2.60521
-2.26396
-1.16388
-2.94316
-2.4198
-1.34887
-1.90181
-2.37055
-1.72763
-1.55507
-2.68956
-2.68186
-1.37322
-2.23638
-1.49972
-1.65835
-1.43129
-1.34669
-2.71468
-2.11784
-1.51461
-1.5072
-2.34087
-1.60329
-2.55135
-1.77578
-1.62499
-1.80831
-2.35507
-1.93729
-1.82807
-2.1127
-1.31151
-1.3743
-2.10512
-2.1637
-1.4496
-2.74437
-2.00792
-1.93662
-1.67788
-2.47752
-2.13761
-1.994
-1.1346
-1.7361
-1.86693
-2.01624
-2.26124
-1.92425
-2.05541
-1.65951
-2.5596
-1.23409
-2.17778
-2.43187
-1.92485
-2.20603
-2.50522
-2.24325
-2.12554
-1.68403
-1.90577
-2.46175
-1.29899
-2.6179
-2.7278
-2.30775
-1.33259
-2.05687
-2.0891
-1.63043
-2.01578
-2.1473
-2.08554
-1.68504
-1.63444
-1.5494
-1.95341
-1.85836
-2.75354
-1.26708
-1.53973
-1.9341
-2.52324
-1.80443
-1.71661
-2.47578
-2.09036
-1.11428
-2.13119
-2.69757
-1.50661
-2.19405
-1.92105
-2.29524
-1.60298
-2.3974
-1.42311
-2.37108
-1.49576
-1.41312
-2.5357
-2.33232
-1.8184
-1.38179
-1.53911
-1.6273
-2.22138
-1.62409
-1.95769
-2.03571
-2.63338
-1.08028
-1.31489
-1.25938
-0.998135
-0.996556
