-1.00617
-1.03093
-0.9977
-1.08127
-1.04975
-1.05168
-1.1518
-1.11937
-1.14354
-1.04686
-1.01331
-0.996551
-1.00203
-1.00246
-1.00466
-1.03539
-1.00485
-0.999536
-1.00178
-1.01138
-1.0594
-1.05163
-1.10613
-1.04946
-1.02752
-1.00078
-1.00026
-1.00555
-0.998866
-1.03899
-1.09539
-0.999676
-1.06835
-0.996328
-1.06725
-1.06637
-1.08415
-0.998406
-1.02109
-1.07075
-1.03628
-1.05455
-0.997687
-1.00103
-0.997473
-0.99958
-1.07285
-1.00217
-1.07645
-1.00063
-1.0032
-0.999235
-1.07319
-1.0894
-1.01015
-1.04632
-1.03265
-1.09743
-1.00326
-0.995803
-1.03202
-1.02768
-1.1529
-1.19163
-1.12599
-0.998374
-1.11515
-1.05132
-1.00202
-1.00398
-1.11779
-1.0016
-1.05731
-0.996472
-0.995264
-1.01028
-1.00277
-0.997328
-1.13052
-1.03106
-1.13544
-1.00212
-1.00044
-1.02865
-1.02464
-1.00027
-0.999235
-1.02559
-0.997194
-1.00231
-1.14528
-1.08681
-1.083
-1.03698
-1.01288
-1.00209
-1.01655
-1.03619
-1.04644
-0.999096
-0.99923
-1.003
-0.999506
-0.999236
-1.10413
-1.12015
-1.1083
-1.00738
-1.13248
-1.00268
-0.99768
-0.999428
-1.07575
-1.01016
-1.00203
-0.997202
-1.00139
-1.06669
-1.10799
-1.24565
-1.131
-1.00361
-1.06571
-1.00082
-0.999809
-1.09487
-1.07638
-1.02185
-1.13643
-1.03626
-1.09879
-1.00922
-1.00087
-1.08379
-1.08912
-1.09871
-1.26403
-1.08967
-0.995511
-1.00032
-0.997398
-1.0598
-1.08204
-1.00137
-1.02742
-0.998421
-1.00251
-1.07289
-1.0014
-1.0048
-1.08619
-1.04848
-1.00045
-0.998488
-1.04139
-1.00157
-1.08588
-1.00239
-1.14538
-1.17151
-1.09004
-1.08596
-1.01033
-1.00447
-1.07309
-1.10485
-1.0633
-1.09585
-1.11701
-1.05604
-1.00001
-0.995333
-0.999223
-1.00213
-1.00085
-1.02625
-1.03221
-0.997374
-0.99861
-0.999214
-0.999553
-1.002
-1.04075
-1.01861
-1.09683
-1.11913
-1.0862
-0.997337
-1.03867
-1.08416
-1.13068
-1.04743
-1.12007
-1.00612
-1.03487
-1.08659
-1.02204
-0.999601
-1.02992
-1.07958
-0.999038
-1.0711
-1.10628
-0.9953
-0.999846
1.00322
1.00028
0.999544
1.0002
1.00013
-0.995701
-1.00325
-1.03502
-1.00032
-1.00025
-1.00321
-1.00433
-0.999004
-1.02468
-1.00286
-0.999659
-1.07294
-1.04728
-1.07091
-1.13844
-1.08826
-1.16
-1.11238
-1.00283
-1.11167
-1.00033
-1.03911
-1.04489
-0.999463
-1.00253
-1.00328
-0.998512
-1.06878
-1.00286
-1.00116
-1.06555
-1.16525
-1.13246
-1.15598
-1.00303
-1.00132
-0.999933
-1.00257
-0.99603
-1.02283
-1.01197
-1.13049
-1.04267
-0.996402
-0.998706
-1.13893
-1.14003
-1.13351
-1.03592
-1.11754
-1.02063
-1.05441
-1.03141
-1.11039
-1.07861
-1.0675
-1.00794
-1.10021
-1.12044
-1.09724
-1.03657
-1.0078
-1.04719
-1.09844
-1.17643
-1.05138
-1.00265
-0.99941
-0.998937
-1.0237
-1.15639
-1.03735
-1.05807
-1.11445
-1.00468
-1.02069
-1.00368
-0.999858
-1.00377
-1.0018
-1.0014
-0.999509
-1.01134
-0.99937
-0.999883
-0.997008
-1.03447
-1.02699
-1.07452
-1.05578
-1.00018
-1.01192
-1.07998
-1.03374
-0.999388
-1.00244
-1.09848
-1.05481
-1.00677
-1.00142
-1.02287
-1.01557
-1.06517
-1.05119
-1.08868
-1.11693
-1.13851
-1.05747
-1.00049
-1.05296
-1.01963
-1.00018
-1.13863
-1.04168
-1.1296
-1.00075
-1.04522
-0.999693
-1.00049
-0.998708
-1.01633
-0.999258
-0.997989
-0.998382
-1.00018
-1.00268
-0.998257
-0.998191
-0.999741
-1.09839
-1.06235
-1.09534
-1.00683
-1.02314
-1.05709
-1.00109
-1.0187
-1.03703
-0.996662
-1.10737
-1.04432
-1.01471
-1.14302
-1.10914
-1.07878
-1.00128
-0.99946
-0.996247
-1.0152
-1.0766
-0.999395
-1.00997
-1.00195
-1.11067
-1.01487
-1.00021
-1.00141
-1.11532
-1.09539
-1.09971
-1.27768
-1.10793
-0.998835
-0.997801
-1.00167
-1.02362
-1.14828
-1.00397
-1.01911
-1.07537
-1.05636
-1.0009
-1.04872
-1.04909
-1.0786
-1.0287
-1.01871
-1.00166
-1.05022
-1.01961
-0.998304
-1.18469
-1.10609
-1.07489
-1.01743
-1.10322
-1.0375
-1.05749
-1.07052
-1.09883
-1.13862
-1.15255
-1.02512
-1.01399
-1.02464
-1.02338
-1.12785
-1.05348
-1.01951
-1.04284
-1.00029
-1.01114
-1.00107
-1.004
-0.999932
-0.997558
1.00051
0.999756
1.00341
1.0023
-1.00029
-1.10218
-1.03899
-1.0395
-1.08316
-1.20117
-1.01138
-1.09408
-1.13516
-0.998886
-1.11729
-1.15232
-1.00765
-1.00208
-1.08774
-1.03399
-1.12909
-1.01884
-1.03797
-1.07788
-0.99977
-1.01378
-1.0108
-1.02176
-1.11225
-1.00936
-0.999702
-1.05251
-0.997852
-1.0007
-0.995913
-1.08458
-1.08245
-1.0752
-1.1106
-1.1132
-1.12018
-0.999958
-1.11664
-1.13832
-1.16412
-1.02789
-1.11167
-1.00379
-1.11485
-1.01694
-0.999988
-1.0005
-1.21029
-1.00047
-1.14792
-1.01134
-1.06476
-1.08311
-1.04796
-1.03622
-1.16904
-0.999283
-1.0187
-1.11995
-1.01359
-1.07843
-0.997961
-1.04791
-1.17853
-1.08809
-1.2519
-1.05076
-1.13996
-1.00189
-1.09503
-1.08587
-1.18158
-1.03082
-1.00198
-1.18756
-0.998574
-1.00055
-1.20725
-1.00082
-1.06765
-1.00212
-0.997395
-1.07499
-1.00804
-1.00089
-1.0491
-1.22129
-1.04251
-1.13041
-0.996649
-1.05275
-0.998068
-0.997376
-1.01071
-1.04415
-1.14528
-1.12883
-1.22247
-1.16828
-1.1425
-1.05886
-1.04761
-1.0002
-1.10969
-1.02548
-1.07178
-1.03215
-1.12891
-0.999708
-1.03412
-1.08653
-1.05215
-1.0009
-1.07111
-1.18424
-1.02156
-0.997096
-1.00104
-1.0109
-1.08495
-0.999992
-1.0364
-1.02218
-1.00292
-0.998806
-1.00024
-0.997707
-1.20344
-1.09613
-1.02488
-1.16144
-1.03247
-1.00012
-1.08592
-1.08003
-1.06447
-1.08736
-1.21445
-1.004
-1.16031
-0.99983
-1.12019
-1.12245
-1.01845
-0.999115
-1.06484
-1.09058
-0.997433
-1.00459
-1.01659
-1.00674
-1.06281
-0.999147
-1.0306
-1.21208
-1.03002
-1.00281
-1.00114
-1.09978
-1.09117
-1.08807
-1.15786
-1.03976
-1.1664
-1.04102
-1.15785
-1.16467
-1.14073
-1.06781
-1.02763
-1.15241
-1.02033
-0.999416
-1.15155
-1.00063
-1.00677
-0.999477
-1.12488
-1.00285
-1.00021
-1.06615
-1.00209
-1.1071
-1.12836
-1.18704
-1.06306
-1.11555
-1.2003
-1.02243
-1.10642
-1.05574
-1.10996
-1.01298
-1.09975
-1.08675
-1.04248
-1.02364
-1.10039
-1.18707
-1.09948
-1.11182
-0.99984
-1.02744
-0.997542
1.00079
-0.996926
0.999098
1.00433
1.00176
-0.99986
-1.0005
-0.999344
-0.998074
-1.05998
-0.999812
-1.00238
-1.00287
-1.04717
-1.09764
-1.09425
-1.00065
-1.06288
-1.00066
-1.16446
-1.01368
-1.17759
-1.11257
-0.997835
-1.14355
-1.08133
-1.07828
-1.09603
-1.10587
-0.998069
-1.00352
-1.08308
-1.03655
-1.09082
-0.996968
-1.07716
-1.06225
-1.15152
-0.999649
-1.00357
-1.04576
-0.997886
-0.999054
-1.06844
-1.00475
-1.09387
-1.0222
-1.13139
-0.995738
-1.1476
-1.06344
-1.09716
-1.08122
-1.00052
-1.08395
-1.13444
-0.999719
-1.00373
-1.0658
-1.11264
-1.06082
-1.11762
-0.997028
-1.05764
-1.08096
-1.0303
-0.998834
-1.04253
-1.00615
-1.03507
-0.999752
-1.00033
-0.999557
-1.00348
-1.00024
-1.13432
-1.05162
-1.17865
-1.00299
-1.18164
-1.13878
-1.11503
-1.17512
-0.999824
-1.04041
-1.0589
-0.999996
-0.999926
-1.07353
-1.08099
-1.0037
-1.08734
-0.999747
-1.03578
-0.999789
-0.999314
-1.03093
-1.15451
-1.01265
-0.998074
-1.00463
-1.01581
-1.00385
-1.06561
-1.13322
-1.17486
-1.02899
-1.06189
-1.13434
-1.18239
-1.10268
-1.15882
-1.01931
-1.00127
-0.995869
-1.08585
-0.996426
-1.11418
-1.02009
-1.04405
-1.12651
-0.996824
-0.998452
-1.04072
-0.995363
-1.00219
-1.00053
-1.02693
-0.998542
-0.996688
-1.00207
-1.0005
-1.14138
-1.1808
-1.16316
-0.998909
-1.23152
-1.11852
-1.14476
-1.09693
-1.05907
-1.03391
-1.08708
-1.02539
-1.04534
-1.04781
-1.06859
-1.19829
-1.12702
-1.11271
-0.999471
-0.999075
-0.997784
-1.06393
-1.00191
-1.00104
-1.00056
-1.03309
-0.995576
-1.00807
-1.10193
-1.10837
-1.11338
-1.10821
-1.15276
-1.11993
-1.11922
-1.05339
-1.03988
-1.04146
-1.00394
-1.1827
-1.04579
-1.16771
-1.00023
-1.12889
-1.09156
-0.998644
-1.06445
-1.04886
-1.00294
-0.999994
-0.997267
-1.00341
-1.00043
-1.01674
-1.05626
-1.07534
-1.0002
-1.03529
-1.11803
-1.11523
-1.22723
-1.04073
-1.03549
-1.11753
-1.12295
-1.01132
-0.996
-1.0682
-1.03076
-1.12541
-1.00364
-1.08603
-1.01284
-1.05978
-1.04125
-1.03562
-1.03344
-1.0429
-1.02714
-1.00052
1.00249
0.999804
1.00143
-1.10849
-1.09326
-1.19988
-1.00074
-1.01599
-1.06163
-1.03118
-1.20763
-1.15139
-1.17069
-1.12968
-1.00255
-0.995198
-1.00366
-0.999268
-1.17392
-0.997666
-0.999365
-1.01736
-0.998477
-1.06442
-1.04129
-1.07387
-1.001
-1.00244
-1.04775
-0.997265
-1.00398
-1.12708
-1.01465
-1.10504
-1.19518
-1.03208
-0.996951
-1.13746
-1.15635
-1.19649
-1.02531
-0.996624
-1.26959
-1.08205
-0.995174
-0.998981
-1.07307
-1.06517
-1.03963
-1.10135
-1.09247
-1.10254
-1.0974
-1.03991
-1.00468
-1.11287
-1.02664
-1.05998
-0.998598
-1.00082
-1.00147
-1.08891
-1.04116
-0.996659
-1.00055
-1.00477
-1.24673
-1.12071
-1.02581
-1.10382
-1.01902
-0.997513
-1.10287
-1.13682
-1.01194
-1.08488
-0.999091
-0.998606
-1.04409
-1.013
-1.04559
-1.09581
-1.01042
-1.08583
-1.1513
-1.05757
-1.01408
-1.0034
-0.998267
-1.00263
-1.08959
-0.997218
-1.07936
-1.09826
-1.14392
-1.05607
-1.09139
-1.15715
-0.997533
-1.03661
-1.03412
-1.09995
-1.16727
-1.15563
-1.00086
-1.02604
-1.08056
-1.03589
-1.09612
-1.05025
-1.11952
-1.16249
-1.04081
-1.02956
-1.09642
-1.08416
-0.996447
-0.998397
-0.999919
-0.999434
-0.999984
-1.05589
-1.16433
-1.22758
-1.05122
-0.998707
-1.00007
-1.00126
-1.00104
-1.07823
-1.16388
-1.26739
-1.13446
-0.999463
-1.03505
-1.03588
-1.03443
-1.10289
-1.0177
-1.09756
-1.19661
-1.05594
-0.99853
-1.01958
-1.04905
-1.11538
-0.998841
-0.996499
-0.997859
-0.999884
-1.13844
-1.09161
-1.0451
-1.06327
-1.0478
-1.0192
-1.08349
-1.13766
-0.999334
-1.09182
-1.07216
-1.06606
-1.23374
-1.05511
-1.01323
-0.999643
-1.04978
-1.03189
-1.18324
-1.06077
-1.11475
-1.08486
-1.13407
-1.0276
-1.03043
-0.999944
-0.999626
-1.05085
-1.11175
-1.13977
-0.998727
-1.1151
-1.07212
-1.00084
-1.00129
-0.999155
-1.01513
-1.1145
-1.08976
-1.07704
-1.00219
-1.00401
-1.06539
-1.21838
-1.00103
-1.04927
-1.15582
-0.999645
-0.999923
-1.00501
-1.11073
-1.06947
-1.06057
-1.03744
-1.17589
-0.999683
-1.12991
-1.00397
0.99987
0.99956
-0.999788
0.995503
1.00108
-0.999199
-1.04252
-0.99816
-1.1499
-0.996945
-1.00149
-1.00002
-1.00905
-1.06117
-1.06639
-1.1
-0.996815
-1.05956
-1.01626
-1.00221
-1.1072
-1.08627
-0.999738
-1.02921
-1.00159
-1.00304
-1.03094
-1.02554
-1.00845
-1.00449
-0.999279
-0.997648
-0.996397
-1.15392
-1.01114
-1.07538
-1.07598
-1.05069
-1.04621
-1.00694
-0.997589
-1.06868
-1.00425
-1.001
-1.03668
-1.00398
-1.01185
-1.08272
-0.999733
-1.00139
-1.08358
-1.05697
-0.997075
-1.05799
-0.997168
-1.00494
-1.00191
-1.05738
-1.01498
-1.11316
-1.0052
-1.00258
-0.995046
-1.08256
-1.07796
-1.07119
-1.00157
-1.04103
-1.04216
-1.12785
-1.03786
-1.09328
-1.00012
-1.00108
-0.996832
-1.11896
-1.04945
-1.12953
-1.11367
-1.08343
-1.07804
-1.23
-1.01096
-1.03454
-1.03721
-1.00049
-1.00129
-1.01174
-0.999005
-1.11385
-1.00035
-1.16912
-0.99718
-0.999823
-1.00104
-1.01175
-1.0243
-1.1645
-0.999648
-1.00795
-1.00005
-1.04235
-1.01727
-1.02455
-1.01767
-1.08364
-1.00361
-1.15459
-1.02107
-1.16076
-1.11462
-1.06026
-0.999812
-0.997697
-0.99968
-1.03408
-1.0926
-1.20204
-1.00303
-1.1196
-1.02891
-1.04082
-1.00392
-1.12224
-1.00062
-1.09216
-1.00364
-1.00196
-0.997647
-0.998832
-1.00117
-0.998282
-1.06133
-1.12855
-1.16916
-1.13803
-1.04508
-1.03102
-1.05183
-1.11045
-1.06831
-1.11483
-0.999611
-1.06
-0.997644
-1.0294
-0.999545
-1.17216
-1.01797
-1.00318
-1.00181
-1.00006
-1.0002
-1.03025
-0.997086
-1.02115
-0.998334
-0.996406
-1.0005
-1.06319
-1.05734
-1.0598
-0.999487
-1.00346
-1.12428
-1.17522
-1.02748
-1.10594
-1.00346
-0.99914
-1.00202
-1.16265
-1.00179
-1.09914
-1.03178
-1.00353
-1.00037
-1.06508
-1.05209
-1.05147
-0.996137
-1.00216
-1.0024
-1.0477
-0.999021
-1.00023
-1.04251
-1.09458
-1.058
-1.02547
-1.00018
-1.1499
-1.05938
-0.998006
-1.00938
-1.17566
-1.09714
-1.01894
-1.03593
-1.09364
-1.00061
-1.13684
-0.995988
-1.09721
-1.05222
-1.09971
-0.998499
-0.999636
-1.01074
-1.00401
-1.00352
1.00259
-1.00019
0.999088
0.996858
-1.07275
-1.05633
-1.0309
-1.08994
-1.05869
-1.11223
-1.20691
-1.10493
-1.01015
-1.05375
-1.15656
-0.995726
-1.00185
-0.99969
-0.999571
-1.08749
-1.1516
-1.00064
-0.999193
-1.08486
-0.997173
-1.02801
-1.03694
-0.998783
-1.18299
-1.07981
-0.999319
-1.05327
-1.00064
-1.0031
-0.994968
-1.03991
-0.999443
-1.08491
-1.14673
-1.19453
-1.13591
-1.00025
-1.13672
-1.14972
-1.03633
-1.04296
-1.01806
-1.11222
-1.11555
-0.996852
-1.02167
-1.00082
-1.04524
-1.07822
-0.999489
-1.00056
-1.11566
-1.04862
-0.999063
-1.05639
-0.997369
-1.03232
-1.00026
-1.02126
-1.04019
-1.00323
-1.05318
-1.10705
-1.18807
-1.04269
-1.06162
-1.13484
-1.00022
-0.996358
-1.17693
-1.07703
-1.22572
-1.01794
-0.997945
-1.01537
-1.03798
-1.02981
-1.02457
-1.01475
-1.05526
-1.07099
-1.08048
-1.09315
-1.00078
-0.995836
-0.996501
-0.99699
-1.07907
-1.03434
-1.03036
-1.14758
-1.01491
-1.00247
-1.09735
-1.03909
-1.19609
-1.08038
-1.1204
-1.18511
-1.19294
-1.07142
-1.08166
-0.996934
-1.01972
-1.07018
-0.999185
-1.05349
-1.22642
-0.999356
-1.08244
-0.996702
-1.07273
-0.995033
-1.00002
-1.04826
-0.999443
-1.00665
-1.0858
-0.997635
-1.12363
-1.00164
-0.998671
-1.00187
-1.04188
-1.00076
-1.04823
-1.15476
-1.1424
-1.06885
-1.0838
-1.00837
-0.999502
-1.0174
-1.03225
-0.999715
-1.08497
-1.09083
-1.0159
-1.13338
-1.00068
-1.00082
-1.03213
-1.02411
-1.04867
-1.0846
-1.00002
-1.04844
-1.01403
-1.00007
-1.08388
-1.00782
-1.00043
-0.996142
-1.07937
-1.19143
-1.31364
-1.17437
-0.999386
-1.0718
-1.11899
-1.12946
-1.08107
-0.999914
-1.06107
-0.999846
-1.0995
-0.995919
-1.15345
-1.01684
-0.995204
-1.04228
-1.09953
-0.999584
-1.05497
-1.09603
-1.00111
-1.00048
-0.996456
-0.999995
-0.999672
-1.00248
-0.996781
-1.00317
-1.1671
-1.11918
-1.11848
-1.21052
-1.08554
-1.168
-1.15803
-0.996635
-1.15808
-1.05131
-0.998034
-1.00185
-1.0187
-1.00003
-1.07532
-1.08845
-1.07602
-1.04066
-1.0528
-1.07748
-1.07619
1.0011
-0.999895
-1.00123
0.999702
1.0046
-1.07954
-0.999962
-1.0018
-1.00059
-1.02291
-1.00159
-1.0409
-1.00076
-1.05586
-1.01041
-1.03407
-1.02929
-1.04965
-1.05864
-1.02156
-1.19365
-1.20405
-1.04606
-0.999145
-1.18047
-1.08683
-1.19724
-1.05376
-1.04115
-1.03944
-0.998071
-1.01029
-1.01417
-0.999926
-0.995048
-1.07671
-1.0915
-0.998494
-1.09834
-0.99965
-1.03666
-1.08526
-0.998304
-0.999112
-1.0416
-1.01131
-1.04255
-1.05981
-1.12699
-1.12423
-1.18033
-1.11949
-1.17925
-1.07957
-1.0701
-1.13606
-1.12396
-1.04975
-1.07078
-1.08024
-1.03457
-1.06363
-1.06148
-1.01171
-1.0187
-1.01814
-1.00152
-1.03084
-1.00027
-1.05382
-1.08227
-1.0013
-1.0009
-1.10076
-1.08664
-1.15228
-1.20656
-1.15734
-1.18795
-1.01473
-1.14971
-1.15559
-1.10095
-1.0743
-1.00306
-1.00189
-1.00892
-1.03812
-1.07105
-1.20833
-1.0435
-1.0286
-1.16507
-1.02453
-1.00138
-0.997583
-1.00144
-1.04636
-0.996017
-1.04738
-0.998463
-1.06467
-1.0018
-1.02783
-1.15006
-1.19553
-1.16189
-1.07806
-1.10619
-1.11624
-1.05686
-1.09959
-1.14669
-1.03014
-1.00408
-1.07443
-1.09744
-1.14786
-1.01246
-1.10233
-1.02271
-1.0402
-1.00019
-1.00031
-0.997058
-1.00035
-1.00324
-1.00129
-0.99528
-1.02774
-1.00133
-1.03357
-1.04238
-1.07027
-1.24194
-1.0345
-1.18225
-1.17693
-1.10628
-1.07292
-1.07215
-1.03398
-1.02767
-0.999263
-1.0065
-1.09991
-1.03338
-1.17561
-1.16262
-1.20045
-1.00238
-1.00616
-1.01611
-1.07507
-1.03075
-1.00089
-1.00411
-1.00297
-0.999659
-1.03061
-1.01578
-1.09163
-1.15673
-1.07035
-1.13749
-1.27752
-1.09137
-1.10885
-1.05676
-1.00003
-1.05754
-1.07082
-1.00491
-1.12762
-1.00329
-1.02859
-1.13652
-1.00046
-1.06546
-1.10233
-1.04454
-1.09864
-1.09392
-1.00434
-0.999506
-1.04493
-1.00192
-1.00813
-1.02439
-1.02209
-1.05275
-1.00362
-1.01889
-1.0352
-1.21498
-1.07599
-1.15908
-1.11811
-1.08507
-1.17641
-1.17359
-1.16468
-1.02287
-1.03214
-1.05194
-1.09192
-1.08182
-1.00063
-1.06215
-1.04614
-1.04464
-0.997945
-1.00062
1.00231
1.0012
-1.02981
-1.18201
-1.1157
-1.18387
-1.00637
-1.00349
-1.04518
-1.12002
-1.20353
-0.99647
-1.034
-1.00803
-1.1307
-0.996616
-1.00201
-1.00298
-1.13779
-1.06903
-1.06679
-1.00255
-1.00006
-1.00039
-1.03177
-1.09048
-1.05088
-0.998471
-0.999542
-1.00464
-1.01344
-0.997971
-1.09959
-1.00281
-1.11715
-1.07834
-0.997963
-0.997962
-1.07012
-1.00165
-0.995772
-0.998282
-1.0813
-0.99913
-1.0448
-0.999032
-1.12305
-1.00141
-1.03397
-1.00047
-1.11631
-0.996976
-1.05705
-1.00139
-1.00076
-0.998089
-0.99844
-0.997649
-1.00101
-1.08455
-1.00198
-1.0468
-1.00702
-1.00208
-1.09557
-1.02984
-1.14781
-1.00014
-1.05314
-1.00033
-1.06903
-0.99544
-1.09465
-1.00575
-1.19189
-1.02135
-1.12474
-1.0002
-0.999451
-1.00204
-1.05494
-1.00074
-1.08188
-1.00017
-0.996793
-0.996745
-1.13033
-1.00089
-1.02299
-0.999896
-1.09054
-0.999697
-0.99999
-1.00001
-1.14544
-0.998776
-1.02361
-1.00463
-1.20834
-1.00109
-1.00136
-1.08547
-1.11809
-1.01869
-1.01944
-1.00042
-1.02894
-0.996845
-1.11317
-1.0297
-1.00315
-1.00275
-0.995235
-1.08511
-1.00397
-1.00194
-1.0501
-1.00445
-0.999195
-1.00089
-0.995254
-0.997825
-1.12391
-1.00445
-1.01273
-1.01972
-0.998814
-0.99999
-1.03755
-0.998021
-1.2368
-1.11346
-1.0016
-1.02195
-1.00107
-1.0008
-1.0341
-1.01592
-1.09746
-0.998755
-1.00111
-0.996643
-1.07511
-0.998905
-0.9951
-1.0001
-1.13261
-1.00335
-1.00109
-0.999095
-0.99807
-0.99637
-1.0295
-1.03722
-1.14348
-1.00037
-1.00304
-0.999021
-1.07052
-0.995402
-1.01015
-1.00622
-1.0745
-0.998718
-1.0291
-1.00126
-0.999923
-1.0001
-0.997714
-1.05438
-1.15078
-1.00837
-1.08364
-1.0636
-1.00186
-0.999303
-1.08322
-0.997561
-1.11263
-0.998833
-1.00246
-1.00129
-1.01094
-1.00029
-1.07003
-1.06283
-1.142
-1.0014
-1.02799
-1.00185
-0.999518
-1.00363
-1.16082
-1.03624
-1.17475
-1.00313
-1.00038
-1.07268
-1.0609
-0.998193
-1.10066
-1.07606
-1.08305
-1.05751
-1.01822
-0.999412
-1.05701
1.00075
1.00274
1.00298
-0.999003
1.00116
-0.999777
-0.994896
-1.05643
-1.00025
-1.00188
-1.00036
-1.02484
-1.09609
-1.07165
-0.995899
-1.04831
-1.07089
-1.04593
-0.996724
-0.999755
-1.00139
-1.0815
-1.04517
-1.00216
-1.00832
-1.01957
-1.03119
-1.08305
-1.00107
-1.03628
-1.00236
-1.00324
-1.00194
-1.02336
-0.999723
-1.14941
-1.17685
-1.00078
-1.05225
-0.99919
-0.998742
-1.13548
-1.00416
-0.995367
-0.998884
-1.03865
-1.00573
-1.0415
-1.00126
-1.00155
-1.00486
-1.06392
-0.999572
-1.17191
-1.00941
-0.999049
-0.997708
-1.00076
-0.999779
-1.1749
-1.02083
-1.00984
-1.04266
-1.01441
-1.00275
-0.9962
-1.07088
-1.10714
-1.01816
-1.08244
-1.08958
-1.0506
-1.06415
-1.00817
-1.07364
-1.05554
-1.05803
-1.13523
-1.04192
-1.07839
-1.01669
-1.08765
-1.00174
-0.998016
-0.999379
-0.999794
-0.999936
-1.03289
-1.01305
-1.11011
-0.999627
-1.10339
-0.997751
-1.0201
-1.05136
-1.01727
-1.04514
-1.03108
-1.04278
-1.01963
-1.01975
-1.06063
-1.05707
-1.0021
-0.996229
-1.0992
-1.10057
-1.1276
-1.03971
-1.12436
-0.995084
-0.999579
-1.01209
-0.999613
-1.05659
-0.997825
-0.999533
-1.1662
-1.01141
-1.1124
-1.00043
-0.999978
-0.998826
-1.00112
-0.997966
-1.13595
-0.998813
-1.03014
-0.998466
-0.997371
-1.01854
-1.04988
-0.997197
-1.00013
-1.05178
-1.05012
-1.12151
-1.17767
-0.999402
-1.09827
-1.01408
-1.03407
-1.00363
-1.00024
-1.06905
-1.02905
-0.998035
-1.05323
-1.02964
-0.999866
-1.07342
-1.0029
-0.999964
-1.06626
-1.0041
-1.04743
-1.03404
-1.06446
-1.1271
-0.999704
-0.998996
-1.00434
-1.08795
-1.10385
-1.05253
-1.19922
-1.11496
-1.04038
-1.00256
-0.999101
-1.00368
-1.08707
-1.00219
-1.00014
-0.999231
-1.05992
-1.00167
-1.05124
-1.06457
-1.09546
-0.998903
-1.00406
-1.00057
-1.00014
-1.00772
-1.03612
-1.11751
-1.12972
-1.07273
-1.17667
-1.10784
-1.07911
-1.00706
-1.01226
-1.06932
-1.00359
-1.07114
-1.0854
-1.02635
-1.05139
-1.02725
-1.21453
-1.0009
-1.08066
-1.00008
-1.00205
-0.999829
-1.01228
-1.00747
-0.999887
-1.00199
0.996194
0.999668
-0.999859
1.00007
-1.05396
-0.9999
-1.07387
-1.05078
-1.15454
-1.11505
-1.15854
-1.08011
-1.11543
-1.00243
-1.17846
-1.10963
-1.08479
-1.00196
-1.01749
-0.999514
-1.21045
-1.01008
-1.02326
-1.05353
-1.00241
-1.00264
-1.02648
-1.05097
-1.09296
-1.00355
-1.01744
-1.06489
-1.0078
-0.996634
-1.08404
-1.06283
-1.07672
-1.11524
-1.1309
-1.02265
-0.999744
-0.999855
-1.08495
-1.00204
-1.09694
-1.00416
-1.05221
-1.02823
-1.19356
-1.02161
-1.05146
-1.13041
-1.00105
-1.11618
-0.998851
-1.05329
-1.04694
-0.995136
-1.14907
-0.998962
-1.0693
-1.0215
-1.01826
-1.00373
-0.999717
-1.01594
-1.16195
-1.07819
-1.06509
-1.13573
-1.10192
-1.05699
-1.16206
-1.0027
-1.16944
-1.05251
-1.05789
-0.997971
-1.00031
-1.07341
-1.15928
-1.04558
-1.00296
-1.01202
-0.999879
-0.997541
-1.13357
-1.00093
-0.997924
-0.999727
-1.00014
-1.0129
-0.999663
-1.04615
-1.05621
-0.997352
-1.0767
-1.00031
-1.16962
-1.06642
-1.20523
-1.10291
-1.13149
-1.08315
-1.24295
-1.14881
-1.00292
-1.00243
-1.00027
-1.08877
-1.18363
-1.13238
-0.998647
-1.08851
-1.00392
-1.00187
-1.07205
-1.0129
-1.11631
-1.00181
-1.00753
-1.07086
-1.08398
-1.06726
-0.999747
-1.00125
-1.03284
-0.997704
-0.995763
-1.01063
-1.064
-1.01077
-1.27414
-0.998062
-1.05372
-1.0669
-1.00014
-0.99706
-1.03502
-1.0018
-1.09828
-1.10528
-1.15115
-1.04958
-1.03094
-1.00031
-1.01205
-0.996881
-1.09256
-0.999504
-1.09696
-1.1323
-0.998939
-1.00013
-1.0484
-1.02782
-1.09283
-1.11516
-1.03746
-1.07412
-1.09657
-1.12033
-1.04804
-1.06167
-1.10478
-1.15569
-1.0018
-1.001
-0.99991
-1.0002
-1.14216
-0.998635
-0.999302
-1.00107
-0.998721
-1.10662
-1.09918
-1.0179
-1.05481
-0.999346
-1.0964
-0.99879
-1.20985
-1.00211
-1.0007
-1.04627
-1.05393
-1.11192
-1.31286
-1.12115
-1.00038
-1.00817
-0.999795
-1.01559
-1.22185
-1.11098
-1.07072
-1.0897
-0.99552
-1.05038
-1.02526
-1.07477
-1.06901
-1.05119
-1.00014
-1.03924
-1.18383
-1.06907
-1.00712
1.0026
-1.00007
0.997427
-0.998452
1.0001
-0.998071
-1.0001
-1.10053
-1.00034
-1.02746
-0.998353
-1.00285
-0.996511
-1.07722
-1.03344
-1.0675
-1.14875
-1.08904
-1.00094
-1.17789
-1.05308
-1.12575
-1.15004
-1.02412
-1.12214
-1.09176
-1.01887
-1.07794
-1.10698
-0.99543
-1.00327
-1.16765
-1.01052
-0.997875
-0.998815
-1.03994
-1.02128
-1.05909
-1.10443
-1.00221
-1.00016
-1.02626
-0.997678
-1.08349
-1.05929
-0.997513
-1.00186
-1.07152
-1.10334
-1.10906
-1.1722
-1.00153
-1.00056
-1.12634
-1.09193
-1.12492
-1.15677
-1.04786
-1.01659
-1.14596
-0.999069
-1.18552
-1.01679
-1.20032
-1.10904
-1.00112
-1.00008
-1.02128
-0.996525
-1.01154
-1.07671
-1.05684
-1.08438
-0.999403
-1.01669
-1.16876
-1.20863
-1.15133
-1.01649
-1.14444
-1.20231
-1.18306
-1.00257
-1.00725
-1.00029
-1.02924
-1.02297
-0.999917
-1.10825
-1.11888
-1.00204
-1.22452
-1.10887
-1.00036
-1.0394
-1.00231
-1.05994
-1.10492
-1.00191
-1.01736
-1.00299
-1.00049
-0.999752
-1.15739
-1.06167
-1.13009
-1.24233
-1.15954
-1.1581
-1.16645
-1.11925
-1.09431
-1.06917
-1.00069
-1.02715
-1.07951
-1.06146
-1.0824
-1.07157
-1.09346
-1.13825
-1.00553
-1.0007
-0.999864
-1.00303
-1.05218
-1.00365
-1.01584
-1.00143
-1.00098
-1.00071
-1.0231
-1.06074
-1.11463
-1.14019
-1.10323
-1.16772
-1.11468
-1.21151
-1.17006
-1.11983
-1.12332
-1.01565
-1.01741
-1.06787
-1.14688
-1.00446
-1.1285
-1.08505
-1.11014
-1.0009
-1.09156
-1.00221
-1.0194
-1.02548
-1.00089
-0.997166
-1.00049
-0.998691
-1.0688
-0.999312
-1.03198
-0.995755
-1.12455
-1.12288
-1.2127
-1.16391
-1.07741
-1.11612
-1.0762
-1.03473
-1.10129
-1.08925
-1.13164
-1.03657
-1.10408
-1.01946
-1.04486
-1.04082
-1.05242
-0.999566
-1.0181
-1.03895
-1.10381
-1.00528
-1.03639
-1.00946
-1.03721
-1.08605
-1.1572
-1.08215
-1.00416
-1.02133
-1.00388
-1.19255
-1.15208
-1.222
-1.13729
-1.07607
-1.10299
-1.03148
-1.14256
-1.10385
-1.12678
-1.17806
-1.03944
-1.10309
-0.999904
-1.06889
-1.06852
-1.08819
-1.00405
1.00053
-0.99814
1.00236
-1.18651
-1.0669
-1.0825
-1.16659
-1.17362
-0.999681
-1.21695
-1.27458
-1.1638
-0.999428
-1.18274
-0.996969
-0.999119
-0.999369
-1.00557
-1.12414
-1.15802
-1.02665
-1.06371
-1.10547
-1.00262
-0.99603
-1.07715
-0.999471
-1.00556
-1.0021
-0.999531
-1.00097
-1.04908
-0.997249
-1.13888
-1.05434
-1.10964
-1.05661
-1.00937
-1.0664
-1.26168
-1.12726
-1.21311
-1.1979
-1.19723
-0.99938
-1.01129
-0.996428
-1.10724
-0.999885
-1.00297
-0.998775
-1.00292
-0.997274
-1.02585
-0.998205
-1.00334
-1.01709
-1.06041
-1.07163
-1.02533
-0.998022
-1.00013
-0.995007
-1.00379
-1.01661
-1.12232
-1.18417
-1.19761
-0.998825
-1.14388
-1.08466
-1.08753
-1.01391
-1.13061
-1.1615
-1.24128
-0.998267
-1.00063
-1.00054
-1.00082
-1.00081
-1.07851
-1.01363
-1.1463
-1.00803
-1.00883
-1.06711
-1.05897
-0.998514
-1.19553
-1.00056
-1.01709
-1.00312
-0.996169
-1.18503
-1.25905
-0.997225
-1.06604
-1.14875
-1.14821
-1.00282
-1.18597
-1.00264
-1.09956
-1.07128
-1.04203
-1.01738
-1.09663
-1.00088
-1.0532
-0.999565
-1.0216
-1.09954
-1.00036
-1.0429
-1.0852
-1.00235
-1.00312
-1.00313
-1.00151
-0.998935
-1.09113
-1.07868
-1.18582
-1.06359
-1.18935
-1.00025
-1.05205
-0.999296
-0.997652
-1.28368
-1.24222
-1.01202
-1.09669
-1.00266
-0.999247
-1.00765
-1.16073
-1.00122
-1.05688
-1.06188
-1.14757
-1.05083
-1.01593
-1.00423
-1.01756
-1.02126
-1.05091
-0.999056
-1.01226
-1.09981
-1.13074
-0.999195
-1.17612
-1.19392
-1.08665
-1.00787
-1.0255
-1.02044
-1.11547
-1.04049
-1.00368
-1.04746
-1.12941
-0.997272
-1.08723
-1.01933
-1.09562
-1.10771
-1.10004
-0.995591
-1.1652
-1.1853
-1.00604
-0.999322
-0.999091
-0.998561
-0.998953
-1.14803
-1.18894
-0.999236
-1.06884
-1.07477
-1.0791
-1.09719
-1.10501
-1.15027
-1.16925
-1.00217
-1.09189
-1.03496
-1.10854
-1.00145
-1.22184
-1.05317
-1.09225
-1.0033
-1.09129
-0.999735
-1.01136
-1.05851
-1.20341
-1.12701
-1.03552
-0.99971
-1.02021
-1.03036
-1.02065
0.995423
0.999827
-1.00134
-1.00027
0.998909
-1.01146
-1.06853
-0.99978
-0.997159
-1.00232
-1.00686
-1.04142
-1.03993
-0.995508
-1.00107
-1.05232
-1.01403
-1.14253
-0.999588
-1.05203
-1.09607
-1.12979
-1.05626
-1.02444
-1.00515
-1.08021
-1.06589
-1.02846
-1.0383
-1.11467
-0.997833
-0.999347
-0.995563
-1.03508
-1.0012
-1.14229
-1.03207
-1.12805
-0.999084
-1.05574
-1.04877
-1.15818
-0.997317
-0.998955
-1.05536
-1.00337
-1.00102
-1.14485
-1.04458
-1.10242
-0.997359
-1.00396
-1.04656
-1.00151
-1.0019
-1.02068
-1.0002
-1.00286
-1.06119
-1.08935
-1.002
-1.00045
-1.00059
-1.02104
-1.08854
-0.997066
-0.998187
-1.03574
-1.07097
-1.09348
-1.07866
-1.00233
-1.00188
-1.00448
-1.00208
-1.06899
-1.16995
-1.01009
-1.04602
-1.20687
-1.00012
-1.12674
-1.06061
-1.02999
-0.999526
-1.03793
-1.00089
-1.04658
-1.0717
-1.21172
-1.00373
-1.04683
-1.00131
-1.0004
-1.03676
-0.998729
-1.00134
-1.07225
-1.00032
-1.00001
-1.03167
-1.04793
-0.996242
-1.04941
-0.998179
-0.998905
-1.11207
-1.07481
-1.11124
-1.09237
-1.03048
-1.11547
-1.07832
-0.999345
-1.00304
-1.00159
-1.01008
-1.13259
-1.01626
-1.10658
-0.998619
-0.997197
-0.999443
-0.997619
-1.03543
-1.19084
-1.00459
-1.03339
-1.00153
-0.999614
-0.998833
-1.05711
-1.00498
-1.1512
-0.998346
-1.09402
-1.00058
-1.13418
-1.05544
-1.1099
-1.00391
-1.0018
-1.03155
-1.0031
-1.02261
-1.04424
-1.00016
-1.02501
-1.08744
-1.08729
-1.01381
-1.04053
-0.997841
-1.09781
-1.04681
-1.04144
-1.0994
-1.15437
-1.03077
-0.999247
-1.00065
-1.01524
-1.11551
-0.999583
-1.06565
-1.1435
-1.11502
-1.07496
-1.00026
-1.0231
-1.00081
-1.1083
-1.02045
-1.01523
-1.01129
-1.16912
-1.05305
-0.999433
-1.00262
-1.00196
-1.00071
-1.01322
-0.998381
-0.999625
-0.999099
-1.12954
-1.03054
-1.04811
-1.05828
-1.04778
-1.01501
-1.04516
-0.997008
-1.03825
-1.00146
-1.01765
-1.10744
-1.06836
-1.04204
-1.10662
-1.06396
-1.09583
-1.02247
-1.15769
-1.08779
-1.0002
-0.999961
-0.999735
-1.0467
-1.10823
-1.00756
1.00245
-1.00346
-0.999973
1.00247
-1.08255
-1.02724
-1.01996
-1.05544
-1.07274
-1.11156
-1.11304
-1.2939
-1.14032
-0.998261
-1.07251
-1.12058
-1.00288
-1.00054
-1.06054
-1.00272
-1.19253
-1.079
-1.0045
-1.00035
-1.00356
-1.00874
-0.996866
-1.07176
-1.00017
-1.09422
-1.04881
-0.99785
-0.997836
-1.04183
-1.00417
-0.997953
-1.00193
-1.00372
-1.16891
-1.11927
-1.22795
-1.01071
-1.09858
-1.05869
-1.04415
-1.24042
-1.04474
-1.12508
-1.13725
-1.00279
-1.00211
-0.997007
-1.0253
-1.0527
-0.997525
-0.999569
-1.01267
-1.04436
-1.00409
-1.06253
-1.00074
-1.00083
-0.999854
-0.999964
-1.00276
-1.00017
-0.998585
-1.12369
-1.17286
-1.10205
-1.03011
-1.09719
-1.08319
-1.00156
-1.14398
-1.14604
-1.10436
-1.15704
-1.0901
-1.06986
-1.00076
-1.07419
-1.04878
-0.995354
-1.1423
-0.999009
-1.00126
-1.03492
-0.995714
-0.995086
-1.04132
-0.997528
-0.999648
-1.01436
-0.997789
-1.0547
-1.01569
-1.0031
-1.05697
-1.03271
-1.10111
-1.18152
-1.13499
-0.997867
-1.1866
-1.15083
-0.999657
-1.00129
-1.00027
-1.15014
-1.0167
-1.1724
-1.01306
-1.11543
-1.02303
-1.02072
-0.999643
-0.99558
-1.0018
-1.00638
-1.01017
-1.0012
-1.05357
-1.14294
-0.999966
-1.0282
-1.00186
-1.00174
-1.08515
-1.00397
-1.03682
-1.1633
-1.26634
-1.13702
-1.01625
-1.03664
-1.00179
-0.999277
-1.08946
-0.997644
-1.01503
-1.25909
-1.04539
-1.18273
-1.00673
-0.999791
-0.998006
-1.00229
-1.00933
-1.00157
-1.10217
-1.06397
-1.06044
-1.13779
-1.00143
-1.07328
-0.996806
-0.998092
-1.03677
-1.1885
-1.10445
-1.09565
-1.03224
-1.06743
-1.00023
-1.12245
-1.07019
-1.04494
-1.05415
-1.06159
-0.999957
-1.08044
-1.0243
-1.11119
-1.07437
-1.00444
-1.00053
-1.02949
-0.998729
-1.02522
-1.122
-1.00074
-1.06407
-0.996622
-0.996757
-0.998473
-0.999741
-1.05723
-1.12733
-1.0659
-1.06169
-1.10689
-1.07075
-1.00377
-1.06125
-1.08297
-1.03233
-1.1656
-1.06171
-1.00095
-1.00344
-1.00101
-0.999669
-0.996301
-1.08811
-1.14374
-1.00014
-1.13127
-1.00154
1.00237
-0.998863
-1.00171
-1.00011
1.0039
-0.99592
-1.00039
-0.999446
-0.999722
-1.00051
-0.998446
-1.00335
-1.00256
-1.0403
-1.073
-1.05121
-0.997922
-0.998615
-1.00918
-1.10192
-1.06739
-1.16793
-1.13522
-1.04003
-1.05594
-1.01838
-1.16978
-1.14926
-1.07071
-1.04893
-1.00284
-0.997863
-1.06735
-1.03893
-1.0007
-1.03197
-1.00135
-1.04174
-1.10179
-1.00375
-1.00137
-1.12102
-1.05372
-0.999812
-1.02253
-0.998106
-1.16558
-1.13424
-1.05948
-1.14412
-1.12631
-1.13846
-1.1545
-1.19062
-1.02969
-1.01445
-1.06465
-0.999682
-1.00202
-1.04797
-0.99838
-1.07443
-1.00135
-1.10882
-1.03916
-1.00397
-1.09628
-1.00205
-0.999798
-1.00594
-1.00054
-0.997407
-1.0003
-1.04345
-1.02791
-1.13794
-1.15257
-1.15578
-1.18846
-1.09149
-1.09415
-1.15345
-1.13836
-1.04211
-1.08036
-1.01358
-1.08471
-1.00855
-1.07208
-1.09174
-1.04775
-1.09446
-1.00028
-1.05255
-0.998258
-0.998133
-1.00167
-1.09521
-1.01243
-0.999167
-1.001
-0.999581
-0.999807
-0.998996
-1.08923
-1.11898
-1.14188
-1.14649
-1.0394
-1.16004
-1.15393
-1.10019
-1.03601
-0.9991
-0.998618
-1.05613
-1.07165
-1.17195
-1.03028
-1.15809
-1.05807
-1.00179
-1.03477
-0.998707
-0.99948
-1.06229
-1.01432
-1.00009
-1.00043
-1.0191
-1.00398
-0.999438
-1.0707
-1.00196
-1.21804
-1.01401
-1.23283
-1.17898
-1.12948
-1.16114
-1.05356
-1.06759
-1.03181
-1.02819
-1.00135
-1.01233
-1.0462
-1.17797
-1.09859
-1.15535
-1.06025
-1.00133
-1.00163
-1.01568
-1.08674
-0.996235
-0.997274
-1.00058
-1.02204
-1.00296
-1.02831
-1.11284
-1.09427
-1.00404
-1.16156
-1.22845
-1.23587
-1.08015
-1.00138
-1.00815
-1.0856
-1.07901
-1.11335
-1.2376
-1.01516
-1.05029
-1.12753
-1.01872
-1.11704
-0.996047
-1.0341
-1.07414
-1.00038
-1.00401
-0.998661
-0.996853
-1.10864
-1.05746
-0.999435
-0.995094
-1.12097
-1.0022
-1.04507
-1.14385
-1.13931
-1.06583
-1.13016
-1.02431
-1.01214
-1.00774
-1.11918
-1.14317
-1.00259
-1.07719
-1.05053
-1.1081
-1.08475
-1.03689
-1.05661
-1.06661
-1.03785
-0.996264
-1.00178
-0.999402
1.00496
-1.06507
-1.00003
-1.01586
-1.11596
-1.14365
-1.13547
-1.09778
-1.15177
-1.17493
-0.999997
-1.11735
-1.11582
-1.05675
-1.00097
-1.00184
-0.99971
-1.02253
-1.0871
-1.05358
-1.00686
-1.02151
-1.02377
-1.0848
-1.05206
-1.08357
-1.12273
-1.00069
-1.07525
-0.998227
-1.00088
-1.16199
-1.03166
-0.996863
-0.999332
-1.17979
-1.14163
-1.16831
-1.07087
-1.07398
-1.08191
-1.00276
-0.996781
-0.997347
-1.00067
-1.05581
-1.13698
-1.03236
-1.00116
-1.02154
-0.999051
-1.03731
-1.01801
-1.10693
-1.10243
-1.11414
-1.06511
-1.10398
-1.01018
-0.999042
-0.999378
-1.00089
-1.00045
-1.05959
-1.06121
-1.21275
-1.08182
-1.16559
-1.09111
-1.01206
-1.03512
-1.00119
-1.01574
-1.00214
-1.05856
-1.00383
-1.0756
-1.02299
-1.14289
-1.08659
-1.0009
-1.04608
-1.09651
-1.0681
-1.00016
-1.00904
-1.036
-1.00018
-0.996621
-0.99862
-1.01542
-1.07896
-1.00094
-1.08655
-1.05351
-1.26592
-1.09157
-1.11162
-1.01714
-0.999995
-0.999263
-1.07888
-0.997387
-1.14197
-1.04759
-1.03807
-1.12214
-1.13032
-1.09523
-1.15978
-1.18832
-0.999335
-1.00425
-1.01697
-1.01264
-1.08043
-1.0005
-0.997271
-1.00402
-0.995826
-1.13224
-1.15922
-1.03885
-1.02975
-1.0518
-1.05367
-1.12888
-1.07885
-1.04717
-1.04704
-1.0041
-1.14392
-1.01431
-1.00789
-1.09524
-1.13665
-1.09533
-1.09307
-1.20556
-1.14041
-1.01841
-1.00064
-1.02161
-0.997791
-1.00157
-1.07192
-0.998724
-0.995952
-1.02891
-1.03498
-1.02019
-1.07729
-1.00513
-0.998399
-0.999991
-1.08809
-1.05883
-1.09403
-1.23291
-1.13933
-1.02601
-1.12091
-1.00047
-1.14587
-0.998847
-1.08917
-1.10053
-1.14201
-1.11637
-1.16879
-1.08848
-1.00004
-0.996546
-0.999541
-0.99783
-1.00129
-1.07824
-0.999981
-1.00231
-1.0598
-1.03799
-1.04365
-0.999505
-0.999928
-1.03211
-1.07475
-1.12819
-1.01763
-1.0411
-1.04475
-1.21658
-1.179
-1.00023
-1.2716
-1.10711
-1.05384
-1.08792
-0.995817
-1.06321
-1.02164
-0.999596
-0.999422
-0.997037
-1.0314
-1.08163
-1.03217
1.00343
1.00234
1.00414
1.00108
-1.00145
-0.997573
-1.00027
-1.0504
-0.999689
-1.08915
-1.07428
-0.996878
-1.05512
-1.05611
-1.01051
-1.01248
-1.12858
-1.07309
-0.997963
-1.00248
-1.03171
-1.14803
-1.03217
-0.997623
-1.00362
-0.997295
-1.01518
-1.00074
-1.03124
-1.04329
-1.00243
-1.00134
-1.00065
-0.998508
-1.01698
-1.10503
-1.09544
-0.998393
-1.12039
-0.99758
-1.0161
-1.11252
-1.00369
-0.997542
-1.06645
-1.00084
-1.15772
-1.13894
-0.997346
-1.04714
-1.04798
-1.05788
-1.00012
-1.07768
-1.00476
-1.02293
-1.03777
-1.00026
-1.05466
-1.08499
-1.04784
-1.00053
-1.00279
-1.06584
-1.00083
-1.06225
-0.999408
-0.997516
-1.15831
-0.999986
-1.05716
-1.03226
-1.01754
-1.00306
-1.03534
-1.05204
-1.07529
-1.11678
-1.08121
-1.11739
-1.13313
-1.13727
-1.00037
-1.00079
-1.00287
-1.00289
-1.00179
-1.00811
-1.0133
-1.06742
-1.00052
-0.999881
-0.996028
-1.05405
-1.00037
-1.00017
-0.99886
-1.05637
-0.999201
-0.999993
-1.01028
-1.00067
-1.04278
-1.03337
-1.05671
-1.01961
-1.03603
-1.02833
-1.1003
-1.18075
-1.16094
-1.07653
-1.0701
-0.998309
-1.0024
-0.99911
-1.16187
-1.06181
-1.00185
-1.07966
-1.08452
-1.00039
-0.999629
-1.00162
-1.04569
-1.15458
-0.996922
-0.999258
-0.99589
-1.00092
-0.998238
-1.13357
-1.04599
-0.999796
-1.14688
-1.06555
-1.14985
-1.09047
-1.04239
-0.999688
-1.05575
-0.999703
-1.04853
-1.03311
-1.08193
-0.999213
-1.00581
-1.08804
-1.05752
-1.05538
-0.998242
-1.00429
-1.02055
-1.01318
-1.00018
-1.00029
-1.0571
-1.04912
-1.10643
-1.00116
-1.00153
-0.999721
-0.998538
-1.05051
-1.14438
-1.08243
-1.15027
-1.13261
-1.00228
-1.00359
-1.07136
-0.999466
-1.03502
-1.15171
-1.0211
-1.0545
-1.1734
-1.00059
-1.00407
-1.00628
-1.00379
-1.00098
-0.998421
-0.994926
-0.998725
-1.00348
-1.04942
-1.11676
-1.15412
-1.02894
-1.07797
-1.00969
-1.00406
-0.999818
-1.01405
-1.07765
-1.08826
-0.996778
-1.05066
-1.05048
-1.12282
-1.12952
-1.0086
-1.05228
-0.999873
-1.06998
-1.11015
-1.01463
-1.02657
-0.997265
-0.999802
0.999158
1.00032
1.00479
-0.996292
-1.01784
-0.998216
-1.00169
-1.04852
-0.99938
-1.06029
-1.10021
-1.1134
-1.20463
-1.1528
-1.12101
-1.17525
-1.0025
-0.999212
-1.00199
-1.06813
-1.12043
-1.07065
-1.01166
-1.02128
-1.0442
-1.00097
-1.00013
-1.00251
-1.05088
-1.12417
-1.05534
-0.999592
-1.00287
-1.00022
-1.08654
-1.02033
-1.0035
-1.13015
-1.2897
-1.11355
-1.1888
-1.01823
-1.13541
-1.28667
-0.999943
-0.997838
-0.996926
-1.22986
-1.04241
-1.00231
-1.08783
-0.99963
-1.10871
-0.998793
-1.0974
-1.0259
-0.998134
-0.997557
-1.0043
-1.10921
-1.03352
-1.0947
-1.01441
-1.00237
-0.999231
-1.00323
-1.17132
-1.21571
-1.18438
-0.999747
-1.14749
-1.08935
-1.09094
-1.22268
-1.01321
-1.0995
-0.999813
-1.00032
-1.0442
-1.11953
-1.05795
-1.01432
-1.00008
-1.00059
-1.15725
-1.05186
-1.00162
-1.08175
-1.01499
-1.00051
-1.0318
-1.00058
-0.999998
-1.00689
-1.07971
-1.13418
-1.07409
-1.09984
-1.18522
-1.22693
-1.07622
-1.03623
-1.05724
-1.08468
-1.09317
-1.00115
-1.03417
-1.00435
-0.995305
-1.04263
-1.00037
-1.09199
-1.04237
-1.12136
-1.00219
-1.1149
-0.999794
-1.09498
-0.997818
-1.00531
-1.00959
-1.01133
-1.00024
-1.002
-1.06376
-1.0034
-1.01648
-1.14309
-1.07946
-0.997079
-1.10248
-1.14706
-1.18663
-1.13292
-1.00014
-1.08608
-1.09034
-1.00016
-1.09576
-1.13009
-1.06429
-1.08421
-1.05523
-1.09447
-1.00354
-1.03401
-1.01772
-1.02536
-1.02806
-1.00128
-1.1572
-1.0108
-1.00281
-1.00026
-1.00876
-1.12781
-1.03525
-1.19323
-1.05677
-1.14785
-1.14427
-0.998812
-1.14128
-1.1429
-1.10483
-1.00075
-1.03116
-1.04819
-1.01563
-1.22088
-1.00109
-1.12662
-1.00155
-0.999103
-1.07426
-1.09782
-1.00003
-1.00785
-1.03519
-0.995373
-1.11159
-1.08515
-1.04923
-1.11868
-1.00476
-0.999757
-0.997402
-1.25154
-1.12551
-1.14116
-1.04342
-1.14268
-1.19809
-0.99921
-1.20965
-1.0252
-1.06958
-1.08227
-1.00163
-1.04937
-1.00066
-1.08235
-0.997408
-1.04146
-0.996955
-1.11059
-1.15962
-1.1106
-1.05609
0.999435
-1.00096
1.00015
1.0008
-0.999619
-1.0995
-0.998989
-1.03246
-0.99941
-0.999698
-0.999014
-0.997412
-1.00051
-1.10573
-1.035
-1.03312
-1.04388
-1.1837
-1.09685
-1.17681
-1.00007
-1.00309
-1.06261
-0.996805
-1.06294
-1.05876
-1.10513
-1.09527
-1.04584
-1.03713
-1.00222
-1.14542
-1.00029
-1.13795
-1.04232
-1.11233
-1.16706
-1.03792
-0.997451
-1.00024
-0.999877
-1.00392
-1.00442
-1.00044
-1.0026
-1.07317
-1.05156
-1.16545
-1.12005
-1.28815
-1.13771
-1.14146
-1.1035
-1.01681
-1.09963
-1.13057
-1.06831
-1.12306
-1.13008
-1.13352
-0.997499
-1.09952
-1.03301
-1.05526
-1.08447
-1.00536
-1.00168
-1.08877
-0.996638
-1.00236
-0.996361
-1.00002
-1.00464
-0.996823
-1.09542
-1.12447
-1.09775
-1.14931
-1.09894
-1.03222
-1.11432
-1.10292
-1.04364
-1.08059
-1.0041
-1.00126
-1.00201
-1.08209
-1.08704
-1.08548
-1.09071
-1.20914
-0.998204
-1.02874
-1.07303
-0.999694
-0.998873
-1.08905
-1.04134
-1.07485
-0.99932
-0.99879
-1.00299
-1.04618
-1.1651
-1.03892
-1.203
-1.10822
-1.00006
-1.18564
-1.14834
-1.09346
-1.04063
-1.14436
-0.999801
-1.03825
-1.03235
-1.04529
-1.03522
-1.1018
-1.16966
-1.04799
-1.04165
-1.00112
-1.0003
-1.06918
-1.00129
-1.05012
-1.00222
-1.0685
-1.00132
-1.07378
-1.03262
-1.10228
-1.08709
-1.01831
-1.0897
-1.03047
-1.10581
-1.16798
-1.00241
-1.12868
-1.08816
-1.03758
-1.07349
-1.16214
-1.03327
-1.05078
-1.01242
-1.02385
-1.00062
-1.00127
-1.00394
-1.01271
-1.04936
-1.01439
-1.00218
-1.03324
-1.05711
-0.997567
-1.05963
-1.11793
-1.09569
-1.07979
-1.06165
-1.14848
-1.17504
-1.07123
-1.08642
-0.998363
-1.00184
-1.11462
-1.0085
-1.14623
-0.999381
-1.10842
-1.10135
-1.15327
-1.05462
-1.00759
-1.0719
-1.07013
-0.99972
-1.0188
-1.02655
-0.999071
-1.00223
-1.12735
-1.00991
-1.06018
-1.04803
-1.00088
-1.06545
-1.11347
-1.11186
-1.09852
-1.10763
-1.02691
-0.999496
-1.11645
-1.11564
-1.16969
-1.07412
-1.03193
-1.06605
-1.13454
-1.04592
-1.0037
-1.04375
-1.04683
-1.00125
-0.998797
1.00097
1.00013
-0.997196
-1.07561
-1.09106
-1.20456
-1.09125
-1.10657
-1.0658
-1.1353
-1.09445
-1.156
-1.1575
-1.15871
-1.03575
-1.05439
-1.03249
-1.0001
-1.04521
-0.995901
-1.10585
-1.00063
-1.00215
-1.00057
-0.99866
-1.18223
-0.99973
-1.0975
-1.00146
-1.00031
-0.998344
-1.07014
-1.14258
-1.09808
-1.0202
-0.995137
-1.11224
-1.09562
-1.14179
-1.10219
-1.00005
-1.13137
-1.07919
-1.04285
-1.05365
-0.999939
-1.00104
-1.08732
-1.04585
-0.997811
-1.20621
-1.13297
-0.998304
-1.02302
-1.00121
-1.21989
-1.07251
-1.04114
-1.00078
-1.14632
-1.03666
-0.999195
-0.997974
-0.995431
-1.0499
-1.00144
-1.07421
-1.1545
-1.10915
-1.12472
-1.0444
-0.995767
-1.01813
-1.00456
-1.06087
-1.07903
-0.995335
-1.0498
-1.0718
-1.03002
-1.08687
-1.08449
-0.99931
-1.0776
-1.00147
-1.00249
-1.15425
-1.00466
-1.02414
-1.06472
-0.996732
-1.00028
-1.03327
-1.00264
-1.05705
-1.06488
-1.04171
-1.18892
-1.14218
-1.11105
-0.998697
-0.997569
-1.078
-0.996296
-1.05173
-1.07376
-0.999535
-1.0523
-1.07155
-1.08761
-1.00354
-1.08339
-0.999945
-1.00257
-1.06231
-1.1361
-1.13288
-1.0193
-1.00005
-1.00349
-1.00059
-1.05301
-1.05985
-1.13308
-0.998233
-1.01782
-1.02335
-1.00141
-0.999809
-1.18069
-1.1731
-1.09342
-1.07293
-0.998222
-1.05467
-1.00098
-0.999208
-1.11369
-1.00063
-1.08963
-1.17532
-1.0492
-1.02007
-1.16239
-1.03626
-1.00274
-1.00073
-1.00353
-0.998501
-0.999746
-1.01431
-1.01729
-1.06835
-1.08404
-1.15199
-1.00009
-0.999326
-0.995767
-1.08458
-1.0628
-1.03153
-1.00061
-1.08362
-1.11006
-1.05293
-1.00824
-1.00008
-1.03819
-1.01852
-1.10423
-1.14848
-1.19823
-1.00038
-1.00079
-1.00013
-0.999721
-1.06381
-1.00306
-1.03202
-1.06152
-1.03666
-1.15168
-1.06906
-1.00758
-0.996363
-0.998897
-1.11004
-1.07232
-1.11123
-1.00045
-0.99911
-1.00879
-1.04884
-1.18913
-1.04368
-1.20268
-0.996189
-0.999812
-0.997604
-1.08751
-1.178
-1.07624
-1.0007
-1.00905
-1.03728
-1.00003
-1.07195
-0.999296
1.00002
0.999641
-0.998145
1.00199
-1.00069
-0.999771
-0.997676
-0.997736
-1.03466
-0.998854
-1.00396
-1.09273
-1.00479
-1.0001
-1.1737
-0.996969
-1.06313
-1.00956
-1.13449
-1.01034
-1.05542
-1.07313
-1.10853
-1.00026
-1.00115
-1.09716
-1.1017
-1.10422
-1.02945
-1.05297
-1.05753
-1.02359
-0.999476
-1.03476
-1.06358
-1.17207
-1.12541
-1.06691
-1.11014
-1.01396
-1.01749
-1.04571
-1.03638
-1.01552
-1.04482
-1.10312
-1.17346
-1.05204
-1.08684
-1.00057
-1.14009
-1.06565
-1.01159
-1.07027
-1.07165
-0.999235
-1.0374
-1.09016
-1.0885
-1.09051
-1.05621
-1.09745
-1.00251
-1.02492
-1.0203
-1.05156
-1.08265
-1.18701
-1.05865
-1.05714
-1.13455
-1.06825
-1.0034
-1.03728
-1.05978
-1.06113
-1.07614
-1.11879
-1.18243
-1.21114
-1.09463
-1.13398
-1.2023
-1.00434
-0.997041
-1.00297
-0.999558
-0.995706
-1.05526
-1.07973
-0.999873
-1.14701
-1.00354
-1.03445
-1.09981
-0.998034
-1.17755
-1.08458
-1.13997
-0.998933
-1.05322
-1.01552
-1.05691
-1.00417
-0.997103
-1.10383
-1.08363
-1.05535
-0.995843
-1.17504
-1.14295
-1.11217
-1.01492
-0.995918
-1.08478
-0.998999
-1.00493
-1.12922
-1.1243
-1.08438
-1.04325
-1.03051
-1.03654
-1.0067
-1.02102
-1.12208
-1.19055
-1.0545
-1.02241
-0.998621
-1.03766
-1.09942
-1.07862
-1.03294
-1.12918
-1.12407
-1.04214
-1.12868
-1.14104
-1.10302
-1.02274
-1.03713
-1.11529
-1.00032
-1.05441
-1.05255
-1.00739
-1.09085
-1.03812
-1.08096
-1.02906
-1.00384
-0.999792
-1.1031
-1.03073
-0.998988
-1.03855
-1.05211
-1.16025
-0.999805
-1.00817
-1.14537
-1.06459
-1.113
-1.13562
-1.20981
-1.23439
-1.06064
-0.999447
-1.09733
-1.09725
-1.10349
-1.05265
-1.0944
-1.03061
-1.15314
-0.997771
-1.07541
-1.08828
-1.01675
-0.996446
-1.00452
-0.999121
-1.00215
-1.03367
-1.12512
-1.09753
-1.11901
-1.03459
-1.12924
-1.1572
-1.07633
-1.05919
-1.07589
-1.19219
-1.11245
-1.07112
-1.07414
-1.11043
-1.05812
-0.999696
-1.1071
-1.03435
-1.11384
-1.1109
-0.999321
-1.11457
-1.03999
-1.03117
-0.999756
-0.995248
0.998095
-1.00427
1.00066
-0.999922
-1.13274
-0.995374
-1.12356
-1.03961
-1.15494
-1.08128
-1.21546
-1.12263
-1.08133
-1.0645
-1.06016
-1.16443
-1.05262
-1.00074
-1.03761
-1.0746
-1.11935
-1.06819
-1.0013
-1.06779
-1.0047
-1.12446
-1.00021
-0.99997
-1.07347
-1.10758
-1.04339
-1.05566
-0.998224
-1.00271
-1.00041
-1.00026
-0.99735
-1.22603
-1.11116
-1.29416
-1.11492
-0.998682
-1.09411
-1.21775
-1.01355
-1.09201
-0.99917
-1.15523
-1.09664
-1.12294
-1.01516
-1.10135
-1.03765
-1.11898
-0.999345
-1.01949
-1.00365
-1.0323
-1.16094
-0.999218
-1.00167
-1.08994
-0.999955
-0.999043
-1.00034
-1.0199
-1.06585
-1.13834
-0.998938
-1.10306
-1.00021
-1.05253
-1.00355
-1.0656
-1.03252
-1.18596
-1.23558
-0.996707
-0.999078
-1.1125
-1.00095
-1.0943
-1.11703
-1.0259
-1.03374
-1.14036
-1.00105
-1.0676
-1.04334
-1.00159
-1.08542
-1.04106
-1.00246
-1.10756
-1.06831
-1.0628
-1.00127
-1.00417
-1.02925
-1.22524
-1.1624
-1.00233
-0.995909
-1.15156
-1.11391
-1.0031
-1.00185
-0.996551
-0.997706
-1.09103
-1.00026
-1.11284
-1.08836
-0.99691
-1.00271
-1.00003
-1.04734
-0.999213
-0.99944
-1.02498
-1.02326
-1.19914
-1.11963
-1.13192
-1.00269
-1.00391
-1.00704
-1.14209
-1.0004
-0.999773
-1.17334
-1.05466
-1.17316
-1.19505
-1.01899
-1.09601
-0.998723
-1.00025
-0.998777
-1.00039
-1.06976
-1.04327
-1.00361
-0.998006
-1.01785
-1.00291
-0.996623
-1.00942
-1.04193
-1.12435
-1.05049
-1.14532
-1.00079
-1.0023
-1.05715
-1.14555
-1.06358
-1.15345
-1.09459
-1.23558
-1.16854
-1.06337
-1.06865
-1.04576
-1.08968
-1.12837
-0.999667
-0.995133
-1.00024
-1.22269
-1.08332
-0.998895
-1.1714
-1.03748
-1.04653
-1.01313
-1.03755
-0.996188
-1.05548
-1.12681
-1.00308
-1.00008
-1.00082
-1.08734
-1.01233
-1.01637
-1.07829
-1.1547
-1.15471
-1.13256
-1.07035
-1.03606
-0.999535
-1.06627
-1.01683
-1.01407
-1.01472
-1.04135
-0.998626
-0.999739
-1.07186
-1.00049
-1.0984
-0.99939
-1.05799
-1.09437
-0.999383
-1.14192
-1.00136
0.99999
-1.00296
-1.00474
0.997821
-1.00085
-1.02939
-1.00122
-1.00174
-0.996913
-1.00174
-0.99893
-0.995542
-1.00009
-1.038
-0.999071
-1.14375
-1.02565
-1.14445
-1.07852
-1.0258
-1.09512
-1.15171
-1.25286
-1.0012
-1.19015
-1.14137
-1.16333
-1.06583
-1.20208
-0.999905
-1.04086
-0.995559
-1.00189
-1.06867
-1.1386
-0.995622
-0.997497
-1.02406
-1.12941
-1.00279
-1.00397
-1.09317
-0.999647
-1.0008
-1.14502
-1.06055
-1.09917
-1.11742
-1.02579
-1.10329
-1.1941
-1.07176
-1.11034
-1.12312
-1.17131
-0.996575
-1.05969
-1.01273
-0.9999
-1.10746
-1.02542
-1.12684
-0.995515
-1.11337
-1.02203
-1.04154
-1.07359
-1.00099
-1.00502
-1.06644
-0.996345
-0.999062
-1.07238
-1.00132
-1.06058
-1.15137
-1.0761
-1.13809
-1.17094
-1.01463
-1.15032
-1.02041
-1.14684
-1.13824
-1.00164
-1.001
-1.00144
-0.999874
-1.11332
-1.16146
-0.999156
-1.05712
-1.0729
-1.00375
-1.03306
-1.00069
-1.01039
-1.085
-0.995227
-1.00245
-0.99868
-1.06995
-1.00144
-1.00655
-1.11971
-1.1805
-1.08821
-1.07772
-0.99982
-1.10517
-1.20733
-1.12635
-1.05966
-1.05886
-1.00003
-1.12437
-1.15342
-1.1461
-1.06415
-1.08735
-1.08166
-1.07007
-1.04937
-1.02512
-1.00163
-1.11073
-1.04634
-0.999252
-0.99992
-0.998702
-1.00041
-1.05926
-1.12849
-1.10167
-1.15913
-1.01266
-1.23649
-1.00856
-1.13956
-1.0266
-1.08031
-0.999117
-1.11968
-1.00988
-1.00006
-1.11569
-1.15842
-1.14807
-1.18196
-1.09041
-1.06119
-1.0014
-0.996876
-1.03211
-1.00021
-1.0075
-1.00159
-1.04974
-1.00732
-1.00134
-1.10985
-1.07846
-1.1012
-1.0399
-1.07403
-1.25938
-1.11516
-1.06982
-1.10671
-1.00368
-1.09782
-1.11335
-1.08563
-1.07926
-1.04438
-1.04099
-1.11746
-1.04133
-1.09767
-1.0655
-1.00382
-1.12787
-1.04062
-1.11697
-1.00156
-0.998612
-0.999409
-1.05947
-1.04232
-0.998515
-1.12926
-1.00077
-1.02299
-1.00085
-1.18385
-1.20142
-1.10517
-1.09279
-0.995186
-1.08445
-1.06801
-1.19142
-1.11518
-0.995384
-1.0478
-1.10822
-1.08206
-1.00317
-1.00208
-0.999539
-1.00156
-1.00061
-0.999637
1.00197
-1.00025
-1.02269
-1.20539
-1.09012
-1.12236
-1.12988
-1.05455
-1.3203
-1.156
-1.24163
-1.00026
-1.04706
-1.16463
-1.03166
-1.04364
-1.00239
-0.996961
-1.15094
-1.19099
-1.04407
-0.999427
-1.00347
-0.996568
-1.00052
-1.04412
-1.0016
-1.08377
-1.01903
-1.17681
-1.0017
-1.06586
-1.02975
-1.07844
-1.1714
-1.16978
-1.2213
-1.02264
-1.12716
-1.14161
-1.20159
-1.15483
-1.0233
-1.04963
-0.997728
-1.00005
-1.08688
-1.16689
-1.06522
-1.02901
-0.997987
-1.03554
-1.01483
-1.05221
-1.00026
-1.10001
-1.04182
-1.20084
-0.998886
-1.02141
-0.996876
-1.07152
-1.06404
-0.998532
-1.12052
-1.25296
-1.28635
-1.07871
-1.10461
-1.16396
-0.998343
-1.24613
-0.999671
-1.01619
-1.15193
-1.21085
-1.0146
-0.999937
-1.0238
-1.02683
-1.05716
-0.996649
-0.997993
-1.12297
-0.998321
-1.11127
-1.01158
-1.20718
-1.00061
-1.00039
-1.00228
-1.09082
-1.16174
-0.997583
-1.10655
-1.1035
-1.14767
-1.25612
-1.20602
-1.15883
-1.1234
-1.01083
-1.07095
-1.03042
-1.14927
-1.00195
-0.9989
-0.998532
-1.09063
-1.00179
-0.998029
-1.08434
-0.996969
-1.1154
-1.01028
-1.01367
-1.04323
-0.998023
-0.999648
-1.02663
-1.08619
-1.01933
-1.16732
-1.08349
-1.17605
-1.17329
-1.07461
-1.04956
-1.02001
-1.05505
-1.27054
-1.20856
-1.04403
-1.0986
-1.0019
-1.07748
-1.08929
-1.1099
-1.01474
-1.09057
-1.00389
-1.0924
-0.999031
-1.12434
-1.03234
-1.00042
-1.03691
-0.996197
-1.01296
-0.99663
-1.01584
-0.999842
-1.08299
-1.118
-1.13018
-1.15424
-1.04338
-1.08724
-1.19456
-1.14821
-1.13642
-1.1071
-1.03825
-1.03696
-1.12289
-0.998788
-1.01597
-1.21143
-1.1596
-1.26836
-1.11744
-1.15999
-0.995654
-0.999285
-0.999267
-1.00445
-1.13156
-1.02903
-1.19172
-0.996955
-1.09964
-1.12255
-1.00177
-1.05444
-0.998608
-1.10053
-1.13853
-1.08923
-1.1016
-1.0702
-1.13058
-1.07807
-1.03161
-1.03117
-1.09183
-1.14509
-1.07112
-1.15245
-1.11661
-1.12547
-1.12068
-0.997326
-1.12424
-0.998724
-0.997505
-1.00153
-1.10081
0.999321
1.00335
0.997452
-1.00117
-1.00135
-0.996612
-1.001
-1.04944
-1.0004
-1.12219
-1.0001
-1.05362
-1.02029
-1.10107
-1.00026
-0.996359
-1.00461
-1.06827
-0.999758
-1.05965
-1.00659
-1.1668
-1.1266
-1.0292
-1.00751
-0.999666
-1.06694
-0.996631
-1.07579
-0.99789
-0.995624
-1.04991
-1.00204
-1.00163
-1.00045
-1.0712
-1.11952
-1.06629
-1.05503
-0.995183
-1.01269
-1.00767
-0.998204
-1.00156
-0.999886
-1.17127
-1.10872
-1.05458
-1.00598
-1.03962
-1.04304
-1.09326
-1.03859
-1.06196
-1.0633
-1.00158
-1.00619
-1.03936
-1.0219
-1.18798
-1.08466
-1.00083
-1.01004
-0.997217
-1.02769
-1.05954
-1.00952
-1.0031
-1.05863
-1.10906
-1.0809
-1.00292
-1.05347
-1.00993
-1.00003
-1.10885
-1.17486
-1.14517
-1.00698
-0.999164
-0.999979
-1.19006
-1.01934
-0.997672
-1.00072
-1.00192
-1.01405
-1.04819
-1.06853
-1.14805
-0.995328
-1.11699
-1.00446
-1.01569
-1.03448
-1.05038
-1.09783
-1.0888
-1.01509
-1.00204
-1.12375
-1.0427
-1.03263
-1.04214
-0.99722
-1.05964
-1.02131
-1.10812
-1.04721
-1.14408
-1.10475
-1.0591
-1.00081
-1.01585
-0.999205
-1.0017
-1.00528
-1.14288
-1.05782
-1.17211
-0.999286
-1.03686
-1.02721
-1.00087
-1.09933
-1.13121
-0.998643
-1.04519
-1.0004
-1.00233
-1.00569
-1.05575
-1.01775
-1.02021
-1.10785
-1.09684
-1.10626
-1.16591
-1.10724
-1.16163
-1.0525
-1.0669
-1.01694
-0.996406
-1.01853
-1.01967
-0.997618
-1.05806
-1.07196
-1.17054
-1.00049
-1.00422
-1.00015
-1.06519
-0.997732
-1.05721
-1.00059
-1.0219
-1.1118
-1.00729
-1.00498
-0.999027
-1.02431
-1.05983
-1.0597
-1.16256
-1.16334
-1.06864
-0.997249
-1.0014
-1.00254
-1.07089
-1.16292
-1.09628
-1.00435
-1.12357
-0.998428
-1.12253
-1.06581
-1.00463
-1.00099
-1.02627
-1.0007
-0.99919
-1.10989
-0.997661
-1.05788
-1.13199
-1.0076
-1.09297
-1.09971
-1.12006
-1.04721
-1.0754
-0.999533
-0.999156
-1.17919
-1.01079
-0.999747
-1.10797
-1.00424
-1.15014
-1.08115
-1.07431
-1.10216
-1.01186
-0.999672
-0.999776
-1.03643
-1.00128
-0.999984
0.99536
1.00161
-1.00292
-1.00077
-1.00026
-0.999976
-1.06504
-1.14669
-1.15691
-1.11163
-1.19339
-1.11602
-1.22333
-1.14884
-1.02546
-1.22299
-1.12065
-1.00195
-1.06451
-1.08746
-1.15491
-1.12058
-0.996473
-0.998085
-1.04369
-1.02415
-0.998515
-1.15207
-0.998033
-1.1432
-1.0006
-1.07909
-1.00114
-1.03439
-0.998754
-1.00055
-1.05887
-1.20167
-1.15017
-1.25769
-1.12734
-1.00192
-1.14128
-1.11205
-1.11832
-1.03214
-1.13806
-1.22674
-1.25622
-1.00224
-1.00035
-1.07417
-1.02266
-1.01053
-0.997213
-0.99901
-1.08993
-1.10295
-1.13044
-1.0313
-1.00099
-1.09317
-0.998747
-1.05469
-0.99797
-1.01813
-0.997142
-1.14904
-1.26248
-1.30724
-1.10936
-1.17363
-1.05448
-1.03502
-1.00063
-1.1969
-1.10524
-1.00102
-1.02116
-1.11635
-0.998835
-1.10268
-1.10633
-0.997436
-1.08331
-1.09095
-1.00106
-1.04841
-0.99825
-1.03849
-1.09009
-0.996045
-1.00104
-1.06005
-1.18392
-1.01479
-1.23743
-1.06359
-1.07152
-1.2013
-1.12693
-1.18758
-1.0171
-1.21901
-1.06145
-1.02419
-1.08157
-1.0444
-1.20279
-1.08057
-1.09162
-1.17481
-1.00262
-0.999731
-1.01383
-1.0977
-0.998638
-1.12946
-1.10183
-1.00067
-1.05144
-1.09421
-1.00183
-1.13531
-1.02413
-1.00047
-1.00342
-1.04634
-0.995393
-1.10722
-1.02284
-1.16688
-1.19786
-1.19739
-0.999712
-1.06259
-1.00387
-1.00115
-1.11886
-1.08683
-1.05341
-1.22577
-1.15872
-1.03437
-0.997828
-1.04195
-1
-0.999839
-0.997228
-0.998601
-1.17043
-1.07214
-1.04545
-1.15438
-1.11576
-1.03072
-1.07961
-1.12377
-1.07004
-1.20202
-1.07576
-0.997552
-0.997683
-1.1372
-1.00013
-1.05356
-1.10764
-1.01821
-1.10057
-1.14688
-1.00307
-1.19486
-1.05893
-1.11248
-0.999737
-0.995148
-0.997556
-1.08728
-1.11764
-1.06918
-1.18274
-0.997485
-1.03603
-1.09466
-0.999604
-1.09223
-1.00047
-1.07417
-1.24257
-1.13974
-1.04445
-1.0494
-1.20538
-1.00172
-1.14944
-1.08876
-1.10822
-1.11751
-1.01617
-1.04389
-1.07253
-1.11107
-1.00055
-1.00294
-1.02119
-1.10745
-1.03475
-1.17038
-1.01869
0.995813
-0.998124
1.00088
-1.00008
-0.998675
-0.999425
-1.00034
-1.03336
-0.99851
-1.02014
-1.00222
-0.99843
-0.997342
-1.03935
-0.997436
-1.05009
-1.0429
-1.07601
-1.00051
-1.14274
-1.06865
-1.18644
-1.18542
-1.02148
-1.13677
-1.12913
-1.06979
-1.085
-1.0353
-1.00253
-0.998712
-1.08152
-0.998774
-1.07454
-0.997852
-1.03867
-1.01
-1.06647
-1.01979
-1.00442
-1.04048
-1.00058
-1.00072
-1.1331
-1.00678
-1.00208
-1.13722
-1.05543
-1.11581
-1.12917
-1.09442
-1.13082
-1.05581
-1.1464
-1.05205
-1.06447
-1.0077
-1.02737
-1.02431
-1.04961
-1.06949
-1.15373
-1.00433
-1.12198
-1.18493
-1.0081
-1.00234
-1.01801
-1.00965
-1.11165
-1.00624
-0.999124
-1.03444
-1.00026
-1.04404
-1.08909
-1.09339
-1.00316
-1.14003
-1.06467
-1.09599
-1.13431
-1.04596
-1.1045
-0.999894
-1.05423
-1.00053
-1.03623
-1.00059
-1.1524
-1.0353
-1.12134
-1.00485
-1.01158
-1.0035
-0.999971
-0.997797
-1.03001
-1.02031
-1.00127
-0.999109
-0.999891
-0.999902
-1.07139
-1.18701
-1.12359
-1.18583
-1.09188
-1.15468
-1.10052
-1.20648
-1.02025
-0.99666
-1.00261
-1.00086
-1.1744
-1.00058
-1.15227
-1.02158
-1.09783
-1.10176
-0.997645
-1.00173
-0.997834
-1.00058
-0.999326
-0.99773
-1.00146
-1.0004
-1.00285
-0.997631
-1.05356
-1.02971
-1.05704
-1.14192
-1.10497
-1.2114
-1.19687
-1.01035
-1.09688
-0.998822
-0.998299
-0.999517
-1.00033
-1.07827
-1.08458
-1.06029
-1.18584
-1.0705
-1.23876
-1.00617
-1.09194
-1.00125
-1.10158
-1.02803
-1.02269
-1.00881
-0.996848
-1.00469
-1.00583
-1.04901
-0.999949
-1.09104
-1.01907
-1.03031
-1.1638
-1.17993
-1.10062
-1.00075
-1.02737
-1.01048
-1.11523
-1.02698
-1.09851
-1.03354
-1.05724
-1.03822
-1.0043
-1.00945
-1.05984
-1.00151
-1.04368
-1.00262
-1.05068
-1.00424
-1.01758
-1.01151
-1.11344
-1.0889
-0.999304
-1.09339
-0.996326
-1.17945
-1.17711
-1.03763
-1.08539
-1.11543
-1.11439
-1.00022
-1.14618
-1.00272
-1.15435
-1.03046
-1.10204
-1.00116
-1.05556
-1.01057
-1.01711
-1.05685
-1.05011
-1.00131
-0.997835
1.0044
-1.00368
-1.00031
-1.07578
-1.09545
-1.15249
-1.0549
-1.07328
-0.996593
-1.10621
-1.10518
-1.1162
-1.00006
-1.05317
-1.06907
-1.16348
-0.999823
-0.999893
-1.08619
-1.18539
-0.997914
-1.03418
-0.999056
-1.02031
-1.00011
-1.04022
-1.06277
-1.04124
-0.999659
-1.00007
-0.998536
-1.10296
-1.00356
-1.05738
-1.09936
-1.14415
-1.10933
-1.14866
-1.00137
-1.18382
-1.00059
-1.15906
-1.02231
-1.05193
-1.05384
-1.00063
-1.094
-1.17546
-1.04294
-1.02889
-1.00106
-1.02542
-1.00026
-0.999584
-0.997329
-1.00022
-1.0449
-1.15746
-1.11375
-1.15552
-0.999004
-1.03352
-0.999329
-1.0158
-0.999139
-1.14176
-1.03968
-1.14192
-1.13575
-1.14372
-1.16797
-1.05384
-1.00132
-1.00071
-1.13672
-1.08451
-1.00346
-0.999704
-1.01949
-0.996829
-1.00367
-1.0461
-1.0011
-0.999247
-1.001
-0.999704
-1.0307
-1.18692
-1.00263
-1.00255
-1.00233
-0.99978
-1.00438
-1.14603
-1.0018
-1.18649
-1.04952
-1.20341
-1.01017
-1.17208
-1.05324
-1.02457
-1.00077
-1.14109
-1.02054
-1.03082
-1.08318
-1.01032
-1.03337
-1.02495
-0.998289
-0.999683
-1.00044
-0.997466
-1.07846
-1.11234
-1.00001
-1.06461
-0.995889
-1.03929
-1.0024
-1.03607
-1.09647
-1.18517
-1.00147
-1.20371
-1.00647
-1.00443
-0.997182
-1.02269
-0.995485
-1.19948
-0.997308
-0.998309
-0.99494
-0.998937
-1.00049
-1.02979
-1.00175
-1.03433
-0.996342
-1.07629
-1.19396
-1.0961
-1.02611
-1.03507
-0.996027
-1.06495
-1.00131
-1.00236
-0.997001
-1.07477
-1.06008
-1.08112
-1.12833
-1.21405
-1.10346
-1.08386
-1.00367
-1.16027
-0.99901
-1.0353
-1.00249
-1.00136
-1.00186
-1.00731
-1.0005
-0.999497
-1.00204
-1.09825
-1.05741
-1.10584
-1.09085
-1.05682
-0.998839
-1.01431
-1.00044
-1.06802
-1.04635
-1.08294
-0.999066
-1.1155
-1.0858
-1.16423
-1.03063
-1.09314
-1.21461
-1.31126
-0.998344
-1.03398
-0.995509
-1.1531
-1.0015
-1.00221
-1.04456
-1.02899
-1.00251
-1.06256
-1.1156
-1.06856
-1.01183
-1.112
-1.00012
-0.999816
-1.09151
-1.04124
-0.997921
-1.08386
1.00004
1.00116
-0.996982
-0.9998
-0.998017
-1.00096
-1.00302
-1.02371
-1.03635
-1.02723
-0.996878
-1.06948
-1.13413
-1.06785
-0.999282
-1.00653
-1.0093
-1.02218
-0.996728
-1.09404
-1.06581
-1.05446
-1.02998
-1.04032
-1.02265
-1.02007
-1.00884
-1.06694
-1.00032
-1.00072
-1.04219
-1.00012
-1.0008
-1.08441
-1.03096
-1.03795
-1.09028
-1.05068
-1.12868
-1.0008
-1.01402
-0.997923
-1.022
-1.00159
-1.04668
-1.15861
-0.999957
-1.16716
-1.02094
-1.03932
-1.01749
-1.03981
-1.11592
-1.09515
-1.01087
-0.999911
-1.00512
-1.13798
-1.00012
-1.20066
-1.10977
-1.04319
-1.01204
-1.09656
-1.00225
-1.10989
-1.16744
-1.00272
-1.0436
-1.13514
-1.14024
-1.08724
-1.05439
-1.02488
-1.02039
-1.09075
-1.03001
-1.15989
-1.13521
-1.11288
-1.00244
-1.19942
-1.05814
-1.02455
-0.999089
-0.999553
-1.0006
-1.00007
-1.00423
-1.03974
-1.01646
-0.999847
-0.999837
-1.03638
-1.08142
-0.999578
-1.0167
-1.08253
-1.00952
-0.997477
-1.04298
-1.06812
-1.16859
-0.995929
-0.99984
-1.09023
-1.07875
-1.23671
-1.07302
-1.16508
-1.07795
-1.06475
-1.00026
-0.998705
-1.00945
-0.999092
-1.11526
-1.17299
-0.996959
-1.11529
-1.09722
-0.9985
-1.00458
-1.00352
-1.00257
-1.10991
-1.08633
-1.00134
-1.00298
-0.995543
-1.00108
-1.06552
-1.00192
-1.01794
-1.11197
-1.03043
-1.02545
-1.10989
-1.16962
-1.03507
-1.00141
-1.15579
-1.00276
-1.06758
-1.00227
-1.00057
-1.002
-1.17025
-1.05564
-1.07771
-1.11487
-1.00333
-0.997031
-1.02891
-1.00126
-1.06097
-1.06704
-1.00048
-1.04035
-1.00033
-1.01754
-0.995835
-1.19031
-1.05094
-1.13308
-1.18242
-1.0915
-1.14905
-1.04385
-1.00012
-0.998026
-1.14175
-0.997839
-1.135
-1.05608
-1.06476
-0.999746
-1.03505
-1.00193
-1.09529
-1.03946
-0.996469
-1.00157
-1.04912
-1.01249
-1.00356
-1.14568
-1.11756
-1.09635
-1.12503
-1.04749
-1.10171
-0.998146
-1.00165
-1.16867
-1.04395
-1.09934
-1.03452
-1.10538
-1.07941
-1.02214
-1.14039
-1.00834
-1.0589
-1.06499
-1.11033
-1.00666
-1.00418
-0.995669
-1.02511
-1.05588
0.9954
-0.995114
-0.997902
-1.00237
-1.00089
-1.04594
-1.00137
-1.00007
-1.01276
-1.19161
-1.10759
-1.14555
-1.04174
-1.01677
-1.03612
-1.0153
-1.07499
-0.998957
-1.00066
-1.08818
-1.14095
-1.06668
-1.0349
-1.15729
-0.998932
-0.99866
-1.07166
-1.07013
-1.00434
-1.18597
-1.07053
-1.05526
-0.996293
-1.12777
-1.00016
-0.998949
-1.02841
-1.12749
-1.01597
-1.11289
-1.06291
-0.999073
-0.99955
-1.06878
-1.0004
-1.13742
-0.999556
-1.07268
-1.17538
-1.00295
-0.999675
-0.995131
-1.00211
-1.05892
-1.07992
-0.997315
-1.01454
-1.00378
-1.00196
-1.01026
-1.00191
-1.04967
-1.01066
-1.00066
-1.00063
-1.09574
-1.12098
-1.19533
-1.04933
-0.999115
-1.02451
-1.04334
-0.998103
-1.02248
-1.01034
-1.08028
-1.14797
-1.00725
-1.0025
-1.01788
-1.00078
-1.00667
-0.995233
-0.997774
-0.998753
-1.08347
-0.999085
-1.0535
-0.999151
-0.997842
-1.0013
-1.00032
-1.00065
-1.15338
-1.02092
-1.12046
-1.10709
-0.995703
-1.03897
-1.09289
-1.03054
-1.00078
-1.0351
-1.14957
-1.11664
-1.03092
-1.00002
-1.00022
-0.996234
-1.04862
-1.05751
-1.00321
-1.01001
-0.99954
-1.00004
-1.05415
-1.01025
-0.997643
-1.00441
-1.03487
-0.999773
-1.14625
-1.1003
-1.18073
-1.04193
-1.05293
-1.00346
-1.0568
-1.02077
-0.998813
-1.00413
-1.05687
-1.20928
-1.06899
-1.00266
-0.99937
-0.999685
-1.06836
-1.11541
-1.0194
-0.999679
-1.13528
-1.00485
-1.02498
-0.997598
-1.0045
-1.00331
-1.00089
-1.03896
-1.11545
-1.08474
-1.16094
-1.055
-1.0187
-1.04461
-1.13189
-1.02702
-1.18207
-1.01911
-1.1561
-1.15895
-1.02799
-1.06039
-1.02065
-0.997719
-1.0139
-0.998844
-1.06475
-1.04022
-1.09239
-1.02129
-0.999274
-1.00017
-1.02533
-1.00067
-0.999261
-1.06364
-1.04086
-1.08481
-1.09759
-1.0974
-1.00052
-0.999857
-1.11007
-1.02927
-1.00063
-1.00289
-1.11573
-1.08427
-1.12834
-1.00266
-1.06939
-1.01083
-1.02839
-1.15812
-1.06223
-0.996062
-1.10334
-1.00005
-0.999842
-1.00361
-1.00004
-1.00252
-1.00237
-1.00107
-1.09742
-1.05271
-1.05718
-1.05186
1.00202
-1.00211
-1.00294
-1.00005
-1.00073
-1.00323
-0.999995
-1.00137
-1.0001
-1.00098
-0.998184
-1.00049
-0.999884
-1.0201
-0.998383
-1.00312
-1.05419
-1.09891
-1.00713
-1.06335
-1.23109
-1.15712
-1.08425
-1.00166
-1.07553
-1.06772
-1.18414
-1.16733
-0.999268
-1.10713
-1.00313
-0.995083
-1.0437
-1.13908
-1.00723
-1.00643
-1.04644
-1.00414
-1.12561
-1.00077
-1.00003
-1.05204
-1.00223
-1.00706
-1.06092
-1.09795
-1.09232
-1.09892
-1.12346
-1.15715
-1.16874
-1.10398
-1.16181
-1.1016
-1.16168
-1.12064
-1.11028
-1.04728
-1.14793
-1.11665
-1.05698
-1.07651
-1.00109
-1.12289
-0.997998
-1.06286
-1.00344
-0.998708
-0.999059
-1.00672
-1.03142
-0.99965
-1.08681
-1.05113
-0.998556
-1.14402
-1.14364
-1.17614
-1.1764
-1.00026
-1.1436
-1.16683
-1.12553
-1.07444
-1.02929
-1.01871
-1.25009
-0.998078
-1.0902
-1.18993
-1.11011
-1.10937
-1.11432
-1.03809
-1.00386
-0.999785
-0.998963
-1.10079
-0.996052
-1.11044
-1.00231
-1.00019
-1.00059
-1.03296
-1.09677
-1.11787
-1.07245
-1.12947
-1.0265
-1.03267
-1.2218
-1.16357
-1.00121
-1.01196
-1.00221
-1.03379
-1.10587
-1.2242
-1.06854
-1.14306
-1.11177
-1.0738
-1.15937
-1.04274
-1.04591
-1.1371
-1.00448
-1.00395
-0.997825
-1.00191
-0.998653
-1.068
-1.00093
-1.0707
-1.13182
-1.00805
-1.12833
-1.15448
-1.09037
-1.05951
-0.998677
-1.00359
-0.998001
-1.03266
-1.04163
-1.15932
-1.01076
-1.12797
-1.13148
-1.13729
-1.04658
-1.00416
-1.02344
-1.00752
-1.01954
-0.997139
-0.999728
-0.997979
-1.1131
-1.0072
-1.05857
-1.14225
-1.11195
-1.07247
-1.1041
-1.1027
-1.15758
-1.12374
-1.05524
-1.00626
-0.999578
-1.10893
-1.11028
-1.10207
-1.09358
-1.17415
-1.13384
-1.07593
-1.01112
-1.03966
-1.05309
-1.11964
-1.01746
-1.03187
-1.17609
-1.04348
-1.03271
-1.08199
-1.00176
-1.00385
-1.09524
-0.999251
-1.0327
-1.05774
-1.18478
-1.03131
-1.1801
-1.08647
-1.04185
-1.04037
-1.11723
-1.13106
-1.05087
-1.087
-1.04997
-1.16156
-1.06627
-1.06982
-1.02531
-1.09623
-1.00062
-1.00311
-1.00115
-1.0027
-1.00001
