1.61374
1.36909
1.08745
1.29335
1.34399
0.999025
1.10255
1.00057
1.57126
1.42311
1.47038
1.45374
1.44722
1.75906
1.6185
1.82736
1.78737
1.4359
1.50269
1.91521
1.77714
1.84461
2.08183
1.86089
1.79253
2.21662
2.08397
2.15937
2.22228
1.78133
1.89472
1.71046
1.51764
1.91242
1.86572
1.83213
1.87902
1.9314
2.02656
1.53148
1.84375
1.79353
2.02904
1.85313
1.99902
2.21298
2.1873
1.84505
1.80887
2.01242
1.93562
1.80526
2.14095
1.84905
1.97826
1.80276
1.74995
1.85851
1.94915
1.95205
2.09907
2.09647
2.14755
1.77836
1.92826
1.77936
1.95175
2.01824
2.08106
1.9239
2.03681
1.8876
1.81876
1.75147
1.97595
1.93892
2.20568
2.04383
2.09435
1.86696
1.84818
1.90132
2.01143
1.81496
2.09194
1.99048
1.99008
1.84183
1.73367
1.77439
2.0711
1.9171
2.07423
2.11466
2.24203
1.8018
1.9808
1.91794
1.99525
1.8391
2.07294
1.89088
2.05641
1.94594
1.8368
1.78149
2.02316
1.84988
1.99648
2.11912
2.11384
1.94287
1.86653
1.95304
1.8495
1.79778
2.09853
1.98521
2.19901
1.7218
1.86605
1.86152
2.01711
1.90159
2.00444
2.24518
2.11165
1.76101
1.86238
1.87304
2.04262
1.93068
2.0331
1.91346
2.03992
1.82666
1.77632
1.86141
2.02452
1.9512
2.18043
2.05153
2.0965
1.83694
1.91163
2.02632
1.94325
1.8561
2.17789
1.95952
1.96047
1.74888
1.82198
1.78898
1.91068
1.87404
2.04819
2.27627
2.08346
1.8622
1.89445
1.94087
1.95667
1.89395
2.06185
2.05992
2.06934
1.85983
1.80558
1.86758
2.09265
1.94475
2.19418
1.98944
2.11673
1.96793
1.81232
1.93351
1.92708
1.94525
2.10898
1.97602
1.97486
1.82601
1.80908
1.72912
1.99316
1.95068
2.09708
2.13493
2.16955
1.80087
1.93639
1.85756
1.97045
1.75851
2.11138
1.98763
2.0746
1.89807
1.85203
1.78729
2.11802
1.87009
1.0004
-1.00229
-1.00228
-1.0038
-1.00106
-0.999068
0.997922
1.67686
1.46132
0.998893
1.11917
0.999853
1.14342
1.00209
1.79443
1.3723
1.00136
1.52077
1.00368
1.00528
1.00354
1.23324
1.00185
1.00006
1.0011
1.29476
1.42726
0.996805
1.19142
1.6024
1.06817
1.00291
1.0427
1.26987
1.00198
1.04721
0.998685
1.00228
0.998071
1.00178
0.9966
1.12139
0.998636
1.00731
1.00217
1.10785
1.01403
1.02786
0.998405
1.0166
0.998439
0.997219
0.998538
0.999487
1.02303
1.05692
1.00283
1.03662
0.998269
1.07507
0.998845
1.07614
1.00281
1.02454
1.03039
0.996731
1.01476
1.00136
1.00363
1.12461
0.997676
0.996256
1.00188
1.05169
1.21136
1.11377
1.00253
1.06601
1.00567
1.01376
1.16002
1.00035
1.05357
1.09521
1.0858
1.01633
1.10454
1.03588
0.997162
0.998704
1.09603
1.08883
0.997501
1.00058
1.05627
0.99771
1.00356
1.00321
1.00265
1.10266
1.05934
0.999083
1.05874
1.05401
1.0554
0.997261
0.998015
1.09255
1.5783
1.27905
0.996423
1.15138
1.07297
1.07798
1.04581
0.997348
1.00619
0.998247
0.996362
0.996553
0.996556
0.996723
1.04811
1.00229
0.99767
0.998377
1.07715
0.997198
1.0005
1.00326
1.02432
1.0676
1.00348
1.0749
1.30107
1.34786
1.2872
1.39162
1.15664
1.26729
1.19327
1.12269
1.23513
1.20091
1.28952
1.10634
1.00339
0.997245
0.99821
0.996767
0.9982
0.997263
0.996384
1.0209
1.08813
0.997296
0.997166
1.00426
1.05273
1.00996
0.998814
1.10431
1.0041
1.03799
0.997958
0.998709
0.997133
1.1092
1.01636
1.02792
0.998362
1.00384
0.997818
1.00404
1.00226
1.00256
1.07932
1.00757
1.05497
0.99677
1.08539
1.00061
0.997032
1.06295
0.997827
1.06719
0.998507
0.997539
0.997242
0.99815
1.09151
1.09362
1.06936
0.996201
1.18485
0.997018
1.00369
1.00346
1.00236
1.03632
1.02121
0.9961
1.0047
1.09855
1.04407
1.13206
1.02771
1.08288
1.03764
1.00329
1.20445
-1.00139
-1.00007
-1.19403
-0.998553
-1.0032
0.996034
1.00188
1.26661
1.25686
1.24771
1.99771
1.547
1.11234
1.24045
1.21912
1.10392
1.73067
0.999624
1.61051
1.30863
1.23125
1.02976
1.07599
1.0037
1.00134
1.1349
1.13182
1.00011
0.999593
1.23854
1.28391
0.999155
1.12211
1.34136
1.05459
1.00023
1.10165
1.49963
1.55551
1.00444
1.00894
1.35164
1.13674
1.11195
1.49237
1.39978
1.34176
1.15038
1.00388
1.51189
1.44086
1.10473
1.57652
1.3757
1.80125
1.17721
1.13561
1.76818
1.3175
1.09622
1.36801
1.29168
1.32021
1.05699
1.03561
1.53606
1.40473
1.28222
1.38807
1.56017
1.56594
1.31471
1.23723
1.79451
1.78478
1.89161
1.74082
1.93796
1.74375
1.51751
1.54379
2.05006
1.5909
1.04437
1.17803
1.17343
1.33083
1.08914
1.08628
1.60474
1.38353
1.21229
1.42907
1.41015
1.39742
1.11165
1.08661
1.55975
1.30078
1.1302
1.31508
1.19087
1.27139
1.09899
1.07613
1.73939
1.3331
1.22213
1.38973
1.61439
1.87694
1.90756
1.49585
2.2643
1.84883
1.66418
1.86492
1.90349
1.75886
1.07073
0.997677
1.41625
1.32162
1.13712
1.40477
1.29208
1.13452
1.00487
1.00217
1.60578
1.18928
1.03972
1.27602
1.29168
1.32021
1.05699
1.03561
1.53606
1.40473
1.28222
1.38807
1.56017
1.56594
1.31471
1.23723
1.79451
1.78478
1.89161
1.74082
1.93796
1.74375
1.51751
1.54379
2.05006
1.5909
1.04437
1.17803
1.17343
1.33083
1.08914
1.08628
1.60474
1.38353
1.21229
1.42907
1.41015
1.39742
1.11165
1.08661
1.55975
1.30078
1.1302
1.31508
1.19087
1.27139
1.09899
1.07613
1.73939
1.3331
1.22213
1.38973
1.61439
1.87694
1.90756
1.49585
2.2643
1.84883
1.66418
1.86492
1.90349
1.75886
1.07073
0.997677
1.41625
1.32162
1.13712
1.40477
1.29208
1.13452
1.00487
1.00217
1.60578
1.18928
1.03972
1.27602
1.29168
1.32021
1.05699
1.03561
1.16026
-1.00144
-0.998535
-0.998608
-0.996558
-0.995152
1.88363
1.3696
1.75544
1.00205
1.34325
1.00019
1.60907
1.22914
1.00358
1.77247
1.14594
1.16411
1.6456
1.73963
1.36482
1.95475
1.64836
2.00794
1.73966
1.4607
2.03647
1.93684
2.01231
1.58742
2.09199
1.81635
1.62001
1.68702
2.05842
1.77753
1.92486
1.65371
2.10803
1.79495
2.03519
1.62539
2.16744
1.73012
1.72269
1.97093
2.03046
1.85819
2.27754
1.86028
1.94145
1.78481
1.87923
1.77409
1.88443
1.63013
1.69868
1.69588
1.94571
1.88713
1.97421
1.7989
1.95572
1.88954
1.85059
1.64135
1.91055
1.86346
1.82091
2.0309
2.00368
1.90526
1.87289
1.6947
1.9257
1.92918
1.90963
1.91724
2.00263
1.86234
1.81457
1.669
2.11303
1.84906
1.92995
1.67569
1.96949
2.03799
1.87346
1.76397
1.98676
1.93257
1.88573
1.68782
2.08912
1.8568
1.97633
1.76742
1.94486
1.92181
1.9334
1.92857
2.00715
1.77931
1.83955
1.71614
2.10551
1.74659
1.75417
1.92805
1.9051
1.92655
1.81029
1.7278
2.16331
1.88219
1.79752
1.87228
2.03368
1.84233
1.68429
1.63691
1.90767
2.00584
1.91125
1.91934
2.03969
1.82101
1.81757
1.76038
2.07461
1.91235
1.84226
1.77828
1.96345
1.82102
1.94003
1.7117
2.11328
1.8206
1.89033
2.08875
2.01252
1.9547
1.77112
1.73202
1.93686
1.74066
1.96148
1.80482
2.14896
1.86434
1.86162
1.77263
2.09384
1.87382
1.87849
1.78271
1.98184
1.89335
1.93743
1.60968
2.01999
1.9291
1.75031
1.95317
1.97386
1.9172
1.9305
1.67057
1.92119
1.8169
1.89528
1.78255
1.84695
1.80498
1.75038
1.8245
2.10141
1.88803
1.84353
1.84542
1.95669
1.9103
1.9121
1.75173
2.02592
1.89464
1.78107
1.79056
2.07313
1.89691
1.90271
1.63586
1.93568
2.04413
1.9327
1.89567
1.98354
1.87291
1.84498
1.57065
2.08974
1.78111
2.02101
1.83274
1.98571
1.95285
1.9363
1.73968
1.00016
-0.995478
-1.10894
-1.97534
-1.00932
-1.61675
0.997782
1.32078
1.11043
1.07096
1.20611
1.00033
1.28463
1.00122
0.999584
1.46892
1.76499
1.33446
1.85641
1.69547
1.91029
1.68633
1.43426
1.24899
1.00257
1.41026
1.0943
1.20749
1.40219
1.25766
1.58253
1.66997
1.77113
1.94351
1.96039
1.51177
2.14636
1.99395
2.10997
1.65524
1.99199
2.24389
2.27731
1.89511
1.92498
1.86434
1.90467
1.9252
2.1038
2.11159
1.97491
1.73226
1.94482
1.95623
1.98584
1.79081
1.77895
2.00246
2.13644
1.86361
2.2807
2.17728
2.37803
2.02575
2.28563
2.42124
2.3732
2.19866
2.34782
2.22548
2.67908
2.23604
2.30905
2.36481
2.36141
1.97756
2.54181
2.06309
2.4563
2.44593
2.203
2.445
2.63419
1.95181
2.43497
1.98209
2.18666
1.87083
1.87841
2.11323
1.90358
1.71241
1.84569
1.93576
2.12593
1.6679
1.88686
2.04125
1.86895
1.68268
1.9423
1.84621
2.03369
1.72687
1.76172
1.9874
2.04794
1.60581
2.01286
1.89777
1.99571
1.71133
1.90193
1.90343
1.98523
1.71241
1.84569
1.93576
2.12593
1.6679
1.88686
2.04125
1.86895
1.68268
1.9423
1.84621
2.03369
1.72687
1.76172
1.9874
2.04794
1.60581
2.01286
1.89777
1.99571
1.71133
1.90193
1.90343
1.98523
1.71241
1.84569
1.93576
2.12593
1.6679
1.88686
2.04125
1.86895
1.68268
1.9423
1.84621
2.03369
1.72687
1.76172
1.9874
2.04794
1.60581
2.01286
1.89777
1.99571
1.71133
1.90193
1.90343
1.98523
1.71241
1.84569
1.93576
2.12593
1.6679
1.88686
2.04125
1.86895
1.68268
1.9423
1.84621
2.03369
1.72687
1.76172
1.9874
2.04794
1.60581
2.01286
1.89777
1.99571
1.71133
1.90193
1.90343
1.98523
1.71241
1.84569
1.93576
2.12593
1.6679
1.88686
2.04125
1.86895
1.68268
1.9423
1.84621
2.03369
1.72687
1.76172
1.9874
2.04794
1.60581
2.01286
1.89777
1.99571
1.71133
1.90193
1.90343
1.21677
-0.999892
-1.06621
-1.7206
-1.09476
-1.7705
1.00009
0.997161
1.10946
1.07253
1.47754
1.00678
1.0025
1.00074
1.42565
1.00354
1.1425
1.01722
1.00052
0.996944
0.996609
0.996844
0.997966
1.0027
1.19184
0.999316
1.34395
1.03309
1.08823
1.1773
1.20492
0.997473
1.0022
1.18724
1.41979
1.42271
1.6322
1.3681
1.54913
1.18107
1.41042
1.56795
1.8549
1.60708
1.51812
1.44932
1.96183
1.62843
1.76514
1.43225
1.63827
1.41607
1.83739
1.2894
1.52103
1.78308
1.59097
1.84934
1.85869
1.57878
1.96479
1.22968
1.29369
1.1891
1.10359
1.40275
1.36991
1.01156
1.13302
1.07548
1.18078
1.00289
1.0341
1.1825
1.54757
0.998108
1.18786
1.12794
1.06221
0.997534
1.02358
1.13207
1.48448
1.05731
1.22741
1.21236
1.10811
1.00452
1.08034
1.23323
1.55199
0.997008
1.27898
1.00306
1.13323
0.999061
1.09719
1.22979
1.4134
1.01472
1.19755
1.13356
1.03788
1.00182
1.0838
1.14925
1.43458
1.02344
1.08391
1.02258
1.05501
1.09386
1.0331
1.27876
1.42394
1.07115
1.22449
1.06819
1.03116
1.0824
1.00274
1.12402
1.4398
1.1372
1.29498
1.0574
1.05539
1.06868
1.14623
1.15455
1.49274
0.998403
1.06027
1.00352
1.00366
1.00244
1.03107
1.19709
1.63554
1.15184
1.11791
0.999831
1.20638
1.01285
1.11451
1.00304
1.51852
1.02768
1.25635
1.13255
1.1217
1.10232
0.997704
1.04325
1.50994
1.15583
1.07423
1.08219
1.09762
0.998286
1.00377
1.17609
1.48284
1.02192
1.1862
1.16912
1.1814
1.02257
0.999913
1.21701
1.48973
1.022
1.1779
1.18887
0.998282
1.06566
1.03268
1.2339
1.59373
1.06075
1.17453
1.17357
1.12773
1.01769
1.01776
1.13855
1.45483
1.00388
1.16583
1.00217
1.07137
1.00213
1.13487
1.23454
1.47442
1.00328
1.23796
1.09464
1.17117
1.00889
1.16619
1.10498
1.5484
1.01701
1.22994
1.18177
1.07262
0.996783
1.06646
1.22009
1.00201
-0.997497
-0.99911
-0.995949
-0.997721
-0.998849
1.71531
1.56658
1.67143
1.04386
1.50698
1.54826
1.73823
1.51678
1.87474
1.95357
2.16843
2.28735
1.89693
1.70352
1.45961
1.65134
1.21538
1.96513
1.68761
1.8464
1.94499
2.20544
2.19926
1.80846
1.75865
1.96838
1.67615
1.69553
1.35865
1.96974
1.7731
1.90331
1.86628
2.08252
2.00171
1.64959
1.6787
1.90981
1.90724
1.79782
1.9977
2.02193
1.97651
1.69555
1.72812
1.89872
1.72003
1.73844
1.51604
1.9935
1.94751
1.85762
1.55655
1.95304
2.22713
2.05145
1.89189
1.9375
1.95223
1.83153
1.72151
1.86956
1.77519
1.87266
1.76756
2.04882
1.8538
1.99047
1.60534
2.12498
1.9323
1.80918
1.88481
2.05408
1.99464
1.77079
1.73892
2.14104
1.94358
1.68079
1.74854
1.87758
1.80091
1.55057
1.50274
1.89516
1.99579
2.02605
1.72041
2.08381
2.16349
1.87344
1.85853
1.9399
1.88136
1.6644
1.80838
2.04286
1.72217
1.82544
1.5315
2.05606
1.8661
1.88394
1.89459
2.0871
2.02658
1.58777
1.67698
1.93413
1.72635
1.79993
1.84774
2.19288
1.78368
1.74874
1.64744
1.84237
1.80964
1.78536
1.62463
1.99163
1.84762
1.95787
1.43486
1.95555
2.1951
2.01662
2.15339
1.85131
1.94794
1.7997
1.68885
1.85554
1.69373
1.89717
1.63494
1.86034
1.81891
1.9408
1.68938
2.15693
2.04937
1.80137
1.82669
2.03499
1.94438
1.86401
1.83903
2.02567
2.06331
1.65131
1.77588
1.89964
1.79633
1.68478
1.50924
1.88982
1.9653
2.02236
1.70087
2.00223
2.15821
1.84435
1.84123
1.91834
1.8177
1.80619
1.7686
1.9994
1.77772
1.83519
1.54238
2.06445
1.91969
1.93969
1.7713
2.1852
1.93992
1.6613
1.72746
1.97823
1.92248
1.68725
1.93734
2.11604
1.79204
1.72844
1.62961
1.85492
1.74981
1.57746
1.64875
1.99677
1.94512
1.89378
1.53359
2.05633
2.2054
2.06607
2.01003
1.92086
1.94988
1.66873
1.00245
-1.00207
-1.06212
-0.999332
-1.00071
-1.00119
1.22305
1.79959
1.28778
1.88073
1.81369
2.07353
1.07727
1.00002
1.45995
1.3728
1.00173
1.01963
0.997413
1.30628
1.4293
1.13138
1.05792
1.83997
1.66232
1.19404
1.31647
1.19933
1.45431
1.58622
1.90676
2.05532
2.31209
2.12276
1.96463
1.83724
1.88566
1.65029
1.85184
1.9001
1.5456
1.58786
1.98771
1.91537
1.60749
1.89435
1.73895
1.94332
1.78339
1.51928
1.9067
1.98058
1.59048
1.76614
1.82547
1.9502
1.64237
1.72525
1.76249
1.92863
1.73713
1.63081
1.868
1.93572
1.47499
1.72366
1.90227
1.88648
1.7338
1.98711
1.7347
1.94215
1.75353
1.56371
1.8492
1.95406
1.55226
1.98891
1.89541
1.8386
1.70869
1.80543
1.75511
1.86667
1.80135
1.75852
1.8534
1.96672
1.52486
1.73803
1.9403
1.64366
1.69206
1.93484
1.86021
1.85635
1.78095
1.58298
1.81695
1.95673
1.5426
1.87892
1.96269
1.83212
1.77744
1.73982
1.7447
1.90424
1.71277
1.71045
1.82587
1.93089
1.66832
1.70729
1.94301
1.72314
1.72468
1.9022
1.6171
1.94264
1.75349
1.76047
1.86865
2.04664
1.56996
1.89434
1.91453
1.7808
1.66537
1.71504
1.69107
2.00429
1.72708
1.66092
1.85589
2.00824
1.60782
1.6495
1.95502
1.82428
1.71773
1.98084
1.68984
1.92699
1.75621
1.52813
1.8494
2.00117
1.73199
1.84285
1.95863
1.83224
1.65761
1.7278
1.66586
1.94129
1.78731
1.70956
1.95316
1.94839
1.57118
1.7067
1.9011
1.77797
1.67122
1.90281
1.78855
1.91177
1.74917
1.54538
1.88385
1.95047
1.4886
1.88459
1.9025
1.97878
1.74231
1.81541
1.71957
1.93536
1.73598
1.65593
1.83297
1.9047
1.57501
1.80289
1.91664
1.74039
1.71034
1.9801
1.74784
1.83987
1.79096
1.65804
1.86
2.03288
1.51459
1.89933
1.92659
1.74543
1.65886
1.76421
1.86557
1.88865
1.7643
1.6821
1.8197
1.91578
1.57116
1.69763
0.996765
-1.0024
-0.999897
-0.997211
-1.00037
-1.00419
1.15934
1.65229
1.57296
1.0002
1.74623
1.211
1.00047
1.0011
1.3254
0.99962
1.75321
1.23253
1.74178
1.42115
1.54163
1.32719
1.11026
1.27975
1.31767
1.26395
1.47159
1.11677
0.997578
1.08722
0.999395
0.996869
1.1209
1.69725
1.50781
1.19821
1.4292
2.40646
2.30541
1.60742
1.7126
1.93212
2.16457
1.93776
1.91375
1.8999
1.93587
2.0377
2.00187
1.98786
1.93641
1.90835
1.81163
2.0926
2.15928
1.66364
1.73228
2.31819
2.11238
1.99482
2.25498
1.91675
1.87933
1.91511
1.89548
1.96181
2.10839
1.8569
1.85708
2.0658
1.94404
1.97664
1.893
2.22087
1.94232
2.23631
1.66507
1.89178
1.86881
1.82171
1.72652
2.15455
1.97195
1.9357
2.04478
2.13298
2.08776
1.86434
1.78542
2.17298
2.08326
2.03764
1.77586
2.04086
1.8062
1.87164
1.74305
1.94042
1.91832
2.11444
1.90977
2.1485
2.14896
1.69138
1.71241
2.18097
1.86358
2.05284
1.92975
1.95212
1.993
2.07603
1.7932
1.95116
1.99335
1.89724
1.84464
2.26787
2.05547
1.86207
1.97872
2.21966
1.88152
2.07276
1.69698
1.89636
1.99718
1.97966
1.72884
2.23578
1.96549
1.88741
1.86296
2.08902
2.1583
1.81277
1.87841
2.16175
2.14437
2.08414
1.74848
1.85494
1.81857
2.08354
1.88783
2.08388
1.94093
2.1634
1.78772
2.08158
1.97932
1.66134
1.79173
2.28467
1.95687
1.97267
1.95752
1.85194
1.9202
2.03485
1.75676
2.02159
2.11167
1.9721
1.90194
2.29264
1.9807
1.75362
1.8098
2.10905
1.97341
2.14775
1.79917
1.93215
2.02809
1.80508
1.70042
2.07107
1.8944
1.9675
2.0339
2.21274
2.11631
1.91203
1.871
2.11542
2.00162
1.9614
1.79202
2.03037
1.96448
2.00049
1.93167
2.02184
1.88655
2.00509
1.81439
2.11947
2.0906
1.79187
1.72869
2.35633
1.93934
1.94173
1.79832
1.83774
1.95299
2.00557
1.88238
2.00945
1.00226
-0.999752
-0.996277
-1.73057
-0.999648
-1.00085
0.99878
1.21116
1.00373
1.59108
1.33566
0.999782
1.19899
0.998111
0.997669
1.57336
1.54109
1.68814
1.95505
0.996549
1.56527
1.15326
1.00266
1.15661
1.31507
1.09608
1.2841
1.17308
1.15442
1.33862
1.16526
1.4287
1.65099
1.16232
1.18816
1.183
1.39634
1.16081
1.49857
1.34801
1.76006
1.49136
1.41366
1.23237
1.62862
1.28889
1.28565
1.24547
1.60037
1.37052
1.39583
1.09914
1.39664
1.52242
1.41639
1.17391
1.70523
1.42025
1.33362
1.30599
1.62209
1.4002
1.37772
1.04837
1.37216
1.43794
1.59917
1.2597
1.69137
1.36106
1.29728
1.2388
1.59222
1.33366
1.49605
1.13712
1.44335
1.45716
1.33397
1.10295
1.74765
1.36498
1.25766
1.43119
1.70764
1.37468
1.40124
1.01617
1.37501
1.41089
1.28315
1.3434
1.71346
1.44509
1.28589
1.22984
1.71902
1.25097
1.5553
1.19035
1.35075
1.51535
1.35528
1.13074
1.58358
1.31345
1.34557
1.34247
1.59971
1.48744
1.45413
1.16979
1.31931
1.45969
1.4591
1.22935
1.65553
1.25501
1.33765
1.21438
1.70722
1.38866
1.49952
1.21253
1.41006
1.50196
1.35027
1.11358
1.69193
1.31264
1.31104
1.28443
1.47536
1.35675
1.47026
1.14389
1.3757
1.4869
1.60407
1.26143
1.64783
1.33032
1.32425
1.17852
1.45217
1.39095
1.51274
1.31738
1.40025
1.49973
1.50406
1.0509
1.70465
1.30606
1.27885
1.37639
1.56629
1.46654
1.34915
1.09451
1.34926
1.45628
1.50321
1.22141
1.69476
1.41949
1.25997
1.20695
1.63635
1.33764
1.47339
1.05079
1.45935
1.52753
1.49884
1.1739
1.6943
1.31685
1.30188
1.39535
1.52377
1.38729
1.41924
1.05341
1.33974
1.37114
1.34603
1.2812
1.68789
1.38407
1.27787
1.25924
1.75708
1.3483
1.43589
1.09931
1.4363
1.47099
1.22501
1.164
1.72376
1.47601
1.33673
1.37151
1.68633
1.34221
1.47152
1.06635
1.30684
1.4894
1.00372
-1.06783
-1.00068
-1.34019
-1.00205
-0.997213
1.45054
1.46746
0.999503
1.81084
1.08488
1.40284
1.32621
1.50252
1.66701
1.29663
1.18232
1.85799
1.63263
2.19562
1.38765
1.82648
1.80825
2.16405
1.74114
1.59395
2.48552
1.85153
1.70001
1.73489
1.79745
1.59564
1.49751
1.43898
1.48283
1.70986
1.40424
0.998178
1.23379
0.998954
1.28139
1.2855
1.21811
1.27476
0.997047
1.03772
1.37141
1.21337
1.42114
1.39417
1.37691
1.35229
1.00161
0.999516
1.34842
1.01896
1.31192
1.3374
1.25455
1.15822
0.998381
1.00318
1.38684
0.998203
1.2117
1.18188
1.21811
1.27476
0.997047
1.03772
1.37141
1.21337
1.42114
1.39417
1.37691
1.35229
1.00161
0.999516
1.34842
1.01896
1.31192
1.3374
1.25455
1.15822
0.998381
1.00318
1.38684
0.998203
1.2117
1.18188
1.21811
1.27476
0.997047
1.03772
1.37141
1.21337
1.42114
1.39417
1.37691
1.35229
1.00161
0.999516
1.34842
1.01896
1.31192
1.3374
1.25455
1.15822
0.998381
1.00318
1.38684
0.998203
1.2117
1.18188
1.21811
1.27476
0.997047
1.03772
1.37141
1.21337
1.42114
1.39417
1.37691
1.35229
1.00161
0.999516
1.34842
1.01896
1.31192
1.3374
1.25455
1.15822
0.998381
1.00318
1.38684
0.998203
1.2117
1.18188
1.21811
1.27476
0.997047
1.03772
1.37141
1.21337
1.42114
1.39417
1.37691
1.35229
1.00161
0.999516
1.34842
1.01896
1.31192
1.3374
1.25455
1.15822
0.998381
1.00318
1.38684
0.998203
1.2117
1.18188
1.21811
1.27476
0.997047
1.03772
1.37141
1.21337
1.42114
1.39417
1.37691
1.35229
1.00161
0.999516
1.34842
1.01896
1.31192
1.3374
1.25455
1.15822
0.998381
1.00318
1.38684
0.998203
1.2117
1.18188
1.21811
1.27476
0.997047
1.03772
1.37141
1.21337
1.42114
1.39417
1.37691
1.35229
1.00161
0.999516
1.34842
1.01896
1.31192
1.3374
1.25455
1.15822
0.998381
1.00318
1.38684
0.998203
1.2117
1.18188
0.997459
-0.998577
-1.0009
-1.00188
-0.996775
-0.999332
1.35019
1.17265
0.999207
1.0493
1.03096
0.998381
1.72091
1.39221
1.27911
1.14479
1.2631
1.30565
1.65422
1.23378
1.65022
0.997492
1.4424
1.91187
1.68242
1.36186
1.50925
1.7832
0.999532
1.62485
1.6037
1.98935
1.0029
1.17498
1.2197
1.03121
1.30362
0.997098
1.14094
1.37099
1.2025
1.00341
0.998704
1.19358
1.24
1.11172
1.21453
1.20206
1.44247
1.19418
1.22351
1.29383
1.12715
1.1864
1.14341
1.16016
1.09037
1.07448
1.28108
1.32434
1.40179
1.07216
1.20392
1.47923
1.32461
1.07532
1.28664
1.21218
1.22362
1.01864
1.27593
1.2382
1.30082
1.09725
1.23285
1.75588
1.60212
1.43518
1.40492
1.18547
1.30073
1.06961
1.23704
1.07911
1.34692
1.00322
1.26731
1.31402
1.18579
1.19716
1.39081
1.20844
1.31162
1.01129
1.1954
1.22426
1.19297
0.999939
1.24846
1.29627
1.51161
0.998145
1.59104
1.70025
1.33531
1.1264
1.00663
1.38307
1.45346
1.40819
1.59091
2.09393
1.94078
1.53508
1.90158
1.81635
1.62094
1.6751
1.71509
1.63925
1.79578
1.58446
1.52292
1.56535
1.71184
1.65612
1.3054
1.28769
1.30909
1.06489
1.38986
1.26596
1.32049
0.996963
1.17186
1.35215
1.34139
1.25564
1.29577
1.24022
1.33636
1.17568
1.10774
1.29734
1.30772
1.06914
1.29483
1.26474
1.13933
1.04785
1.04801
1.25474
1.28246
1.22912
1.07264
1.09481
1.49136
1.16211
1.21983
1.27044
1.22459
1.18705
1.31602
1.19369
0.997793
1.2146
1.38705
1.63496
1.48851
1.31689
1.29309
1.09677
1.31184
1.16686
1.30169
1.16724
1.24483
1.00219
1.1894
1.14206
1.31233
0.996251
1.10844
1.38872
1.41921
1.13317
1.2935
1.16951
1.24082
1.00505
1.17431
1.14112
1.31232
1.12432
1.28093
1.55937
1.23379
1.16576
1.17944
1.30768
1.33909
1.11234
1.31499
1.12893
1.05334
1.03075
1.1877
1.60406
1.53095
1.27643
1.0033
-0.997603
-0.997249
-0.999734
-1.00294
-1.43775
1.00182
1.00016
1.38244
0.999461
1.16306
1.00414
1.00093
1.00351
2.02448
1.76684
1.96752
1.42148
1.42251
0.999038
1.23818
1.19318
1.26335
1.30498
1.4209
0.997125
1.41467
1.00021
1.03013
1.2505
1.21309
1.00156
1.00026
1.00075
1.17819
0.997647
1.09323
1.00201
1.49109
1.00021
1.17995
1.00268
0.999376
1.00193
1.39082
1.45207
1.36234
1.24134
1.05913
1.03791
1.06923
1.00303
1.00133
1.18573
1.33502
1.29358
1.35157
1.43616
1.75613
1.7358
1.53707
1.90986
1.63127
1.49437
1.67018
1.39247
1.52174
1.07499
1.00321
1.11367
1.02214
1.00723
1.14572
1.18061
1.20162
1.09855
1.13585
1.21206
1.04928
0.997294
1.42459
1.15001
1.12012
0.999195
1.0955
1.17485
1.1822
1.06484
1.05008
1.04737
1.39526
1.50952
1.35061
1.59846
1.68002
1.54948
1.66828
1.7672
1.58301
1.5368
1.62841
1.60626
1.61691
1.01669
1.05987
0.997019
0.99901
1.19578
1.25566
1.30015
1.20028
1.0039
1.03916
1.00182
1.05929
1.00134
1.1637
1.46427
1.28876
1.06906
1.15073
1.03672
1.13398
1.03725
1.06408
1.25152
1.35147
1.29326
1.51108
1.62585
1.71568
1.71144
1.67077
1.93286
1.625
1.40011
1.56452
1.2932
1.32948
1.17403
0.997009
1.1243
1.10487
1.2142
1.21503
1.31528
1.09484
1.0327
1.09848
0.996971
1.00994
1.0076
1.24152
1.11997
1.22348
1.22374
1.29769
1.21586
1.20838
0.996497
0.997464
1.11886
1.36814
1.37625
1.28559
1.49345
1.72477
1.66158
1.72403
1.79856
1.65579
1.6035
1.67463
1.54367
1.53075
1.01676
0.997434
0.99726
0.999333
0.997651
1.24849
1.33019
1.22315
1.04698
1.00191
0.996989
1.03537
1.04859
1.22455
1.35659
1.18116
1.03937
1.0384
1.12622
1.18013
1.10726
1.09869
1.11599
1.37186
1.45571
1.42244
1.55316
1.66906
1.6088
1.57709
1.82681
1.62187
1.46473
1.62024
1.5198
1.00272
-1.00118
-0.996514
-1.00126
-1.23094
-1.19154
0.999126
1.00188
1.09003
1.27359
1.00123
0.9988
0.996958
0.998067
1.00373
0.99976
1.0025
1.00075
1.0001
1.28247
1.34572
1.20521
1.00011
1.25051
1.06713
1.18246
1.2907
1.08396
1.09997
1.37993
1.4209
1.26437
1.25822
1.23188
0.998662
1.18367
1.05125
1.15011
1.33749
1.43924
1.15222
1.46858
1.39689
1.13877
1.23212
1.31673
1.30009
1.21273
1.19934
1.2164
1.20604
1.28781
1.06631
1.05815
1.39322
1.39139
1.19886
1.1332
1.37048
1.40254
1.37767
1.35092
1.0848
1.25539
1.24444
1.09682
1.16311
1.18697
1.17667
1.30941
1.46339
1.26279
1.3379
1.18798
1.34309
1.39084
1.31634
1.13276
1.12363
1.04782
1.27346
1.2766
1.20249
1.16581
1.20977
1.50169
1.46542
1.31539
1.13704
1.07627
1.43773
1.14044
1.00915
1.16602
1.24826
1.33927
1.27353
1.09913
1.21798
1.37463
1.25413
1.25594
1.3983
1.3424
1.11614
1.28278
1.29639
1.09194
1.23186
1.328
1.39614
1.18467
1.42803
1.2507
1.2873
1.38231
1.09555
1.30245
1.19732
1.15317
1.3629
1.29007
1.2383
1.23463
1.18645
1.36495
1.32275
1.16126
1.28546
1.27831
1.46972
1.14478
1.16525
1.14389
1.22817
1.45921
1.26916
1.10656
1.10842
1.42035
1.41735
1.2772
1.20444
1.09845
1.35644
1.20704
1.12651
1.23072
1.17862
1.29385
1.43653
1.36603
1.16574
1.26788
1.25704
1.42621
1.29467
1.35426
1.15318
1.1232
1.32193
1.08528
1.25631
1.28022
1.18172
1.26069
1.5401
1.30222
1.18049
1.22585
1.255
1.2134
1.0281
1.03955
1.16015
1.37164
1.35385
1.22446
1.20657
1.22833
1.3723
1.25659
1.31356
1.31241
1.27282
1.23126
1.23209
0.997665
1.04436
1.376
1.44442
1.28898
1.19675
1.265
1.32484
1.4274
1.24825
1.00115
1.34571
1.183
1.12789
1.20574
1.16038
1.20672
1.31038
1.45077
1.29786
1.25476
1.29817
1.22773
0.999174
-1.00275
-1.17533
-1.48865
-0.997181
-1.00015
1.00303
1.71823
2.07014
1.91598
1.68967
1.02672
1.28049
1.00111
1.27814
1.00295
0.9992
1.00497
1.48895
1.19212
1.16301
1.24388
1.44888
1.36807
1.17041
0.999935
0.996255
1.00204
1.12003
1.70938
0.998655
1.07213
1.00297
1.52906
1.7005
1.65665
1.26753
1.38765
1.51039
1.4778
1.22636
1.52512
1.7126
1.72828
1.58492
1.45025
1.55494
1.63452
1.17164
1.53319
1.70997
1.52639
1.42111
1.78345
1.36571
1.48129
1.25531
1.35765
1.65842
1.58955
1.26267
1.34359
1.53249
1.49348
1.17946
1.45563
1.66453
1.70405
1.53784
1.47312
1.60339
1.62954
1.08096
1.44199
1.70087
1.50024
1.35332
1.5296
1.40353
1.50596
1.28884
1.33805
1.65842
1.58955
1.26267
1.34359
1.53249
1.49348
1.17946
1.45563
1.66453
1.70405
1.53784
1.47312
1.60339
1.62954
1.08096
1.44199
1.70087
1.50024
1.35332
1.5296
1.40353
1.50596
1.28884
1.33805
1.65842
1.58955
1.26267
1.34359
1.53249
1.49348
1.17946
1.45563
1.66453
1.70405
1.53784
1.47312
1.60339
1.62954
1.08096
1.44199
1.70087
1.50024
1.35332
1.5296
1.40353
1.50596
1.28884
1.33805
1.65842
1.58955
1.26267
1.34359
1.53249
1.49348
1.17946
1.45563
1.66453
1.70405
1.53784
1.47312
1.60339
1.62954
1.08096
1.44199
1.70087
1.50024
1.35332
1.5296
1.40353
1.50596
1.28884
1.33805
1.65842
1.58955
1.26267
1.34359
1.53249
1.49348
1.17946
1.45563
1.66453
1.70405
1.53784
1.47312
1.60339
1.62954
1.08096
1.44199
1.70087
1.50024
1.35332
1.5296
1.40353
1.50596
1.28884
1.33805
1.65842
1.58955
1.26267
1.34359
1.53249
1.49348
1.17946
1.45563
1.66453
1.70405
1.53784
1.47312
1.60339
1.62954
1.08096
1.44199
1.70087
1.50024
1.35332
1.5296
1.40353
1.50596
1.28884
1.33805
1.65842
1.58955
1.26267
1.34359
1.53249
1.49348
1.17946
1.45563
0.997769
-1.0017
-1.00301
-1.00077
-1.00152
-0.998978
0.997672
1.6881
0.999008
1.62458
2.10297
1.51528
1.19749
1.26555
1.00005
1.18187
1.42436
1.33188
1.41572
1.04284
1.25725
1.0001
0.999578
0.99688
1.29456
1.15185
1.14105
1.00527
1.2799
1.15321
1.21208
0.99906
1.07302
1.25088
0.997718
0.995943
1.27011
1.23284
1.09944
0.997238
0.995577
1.05805
1.06216
1.03299
1.02213
1.25088
1.00237
1.06017
1.29906
0.996147
1.04014
1.00104
1.00325
1.23976
0.997187
1.04588
1.00401
1.21461
1.06377
1.00641
1.31048
1.25617
1.00753
1.06133
1.00102
1.05795
1.12348
1.04826
1.00795
1.24465
0.996982
1.00455
1.20613
1.00158
1.08729
1.08525
0.996985
1.27899
0.998556
0.998111
1.00248
1.09181
1.12135
1.02765
1.33839
1.2302
1.00046
1.11076
1.08192
1.01838
1.10713
1.06367
1.02849
1.21216
0.996956
0.99771
1.11311
1.00506
1.00767
1.08605
1.00952
1.24109
1.12443
1.00249
1.02676
1.06353
1.02757
1.03426
1.05027
1.26049
1.03039
1.16086
1.04213
1.03166
1.13049
1.10089
1.02783
1.21319
1.01899
1.01812
1.1466
0.996546
1.00349
1.01278
1.02248
1.25262
1.06244
1.01392
1.05835
1.17017
1.01425
0.995957
1.18652
1.26739
1.04253
1.00192
1.1328
1.00941
1.25287
1.00056
1.1062
1.22833
1.00362
1.00375
1.17815
1.00177
1.02347
1.0026
1.00227
1.21198
1.00001
1.00963
0.998119
1.16062
1.03037
0.998962
1.36481
1.22089
1.03996
1.02906
0.996684
1.00933
1.10002
1.05852
1.01744
1.32933
0.997387
1.1043
1.2199
1.01216
0.996916
0.99599
0.996804
1.26812
1.0295
1.05054
0.996197
1.14973
1.01715
1.03366
1.19726
1.22581
1.06333
1.15584
0.995622
1.03205
1.06447
1.07246
0.99781
1.20419
1.04052
0.998151
1.30929
1.02603
1.03275
1.04989
1.04597
1.23643
1.03585
0.997611
0.997627
1.07675
0.995945
1.00178
1.12377
1.22432
1.02016
1.05506
0.996093
1.05103
1.05316
-1.0021
-0.996749
-0.996516
-1.0013
-0.997196
1.50312
1.41888
1.63568
1.00011
1.2975
1.39789
1.00423
0.997411
1.01834
0.998341
1.37901
1.27778
1.93011
1.00196
1.46542
1.41506
1.41204
1.32344
1.59873
1.67382
1.36393
1.88036
1.66084
1.57026
1.52689
1.51298
1.30473
1.76766
1.24568
1.62317
1.55069
1.26556
1.27283
1.61849
1.59929
1.34166
1.70809
1.41989
1.51538
1.52404
1.28614
1.40935
1.3129
1.36781
1.06213
1.43937
1.3396
1.40283
1.57854
1.56567
1.60409
1.70679
1.51386
1.47561
1.64292
1.16589
1.53179
1.59318
1.15918
1.35406
1.40629
1.44625
1.44843
1.70936
1.23663
1.75225
1.7437
1.38717
1.37726
1.58764
1.39129
1.29708
1.55813
1.5038
1.4222
1.63578
1.27423
1.39198
1.48056
1.21205
1.28211
1.72533
1.46562
1.52555
1.50357
1.37775
1.38284
1.68157
1.58399
1.51587
1.48422
1.22995
1.48178
1.70061
1.31027
1.26766
1.49099
1.48157
1.23276
1.55178
1.2539
1.52633
1.68871
1.39912
1.51279
1.61313
1.42888
1.51053
1.66282
1.50622
1.51175
1.37329
1.18855
1.37621
1.44612
1.35086
1.20655
1.65664
1.31765
1.55444
1.70488
1.3943
1.42236
1.66995
1.42234
1.33938
1.38334
1.09796
1.45891
1.79285
1.51016
1.43359
1.63304
1.56341
1.37271
1.68643
1.32762
1.68013
1.51679
1.40837
1.1738
1.51476
1.5562
1.33065
1.71028
1.51992
1.4911
1.54512
1.22857
1.39603
1.35724
1.25102
1.16244
1.51044
1.20965
1.57957
1.4892
1.4514
1.60613
1.62371
1.5352
1.54278
1.65346
1.21483
1.46984
1.58919
1.19861
1.23115
1.45638
1.49854
1.40758
1.81389
1.18447
1.62071
1.72121
1.28379
1.38548
1.66014
1.48011
1.28807
1.52871
1.5422
1.4729
1.51579
1.35542
1.42214
1.39626
1.43441
1.23122
1.61877
1.42502
1.49553
1.48262
1.4642
1.44559
1.68732
1.52637
1.48633
1.51996
1.1469
1.61186
1.74366
1.27081
1.41466
0.999888
-1.00316
-0.999118
-1.00035
-0.997901
-0.999794
1.65181
2.17803
1.50134
1.04235
1.54365
1.17205
1.26313
1.48848
2.03461
1.85276
1.00087
1.82323
1.93795
1.82827
1.8424
2.20363
1.83869
2.42136
2.37466
1.93754
2.43512
2.00277
2.07533
1.76765
2.34055
1.83285
1.40082
2.07785
1.93275
1.79724
1.8481
1.68161
1.55709
1.74105
1.15539
1.4216
1.60377
1.43957
1.63565
1.72575
1.75134
1.8784
1.4112
1.87507
2.18568
2.00013
1.93886
1.91389
1.81071
1.71925
1.59205
1.57969
1.74703
1.20981
1.50031
1.39512
1.54443
1.59614
1.47737
1.55205
1.87176
1.63881
1.35511
1.96223
1.6238
1.66444
1.26574
1.50174
1.70786
1.04002
1.05953
1.47455
1.47016
1.4316
1.4606
1.27119
1.50835
1.25417
1.57884
1.23721
1.54723
1.50078
1.44272
1.51108
1.80277
1.24693
1.34647
1.62683
1.45079
1.49379
1.31626
1.35664
1.79451
1.53883
1.4809
1.5052
1.48128
1.40326
1.50494
1.49426
1.66584
1.39727
1.55187
1.64413
1.89809
1.52304
1.61077
1.53969
1.64101
1.17987
1.47575
1.46913
1.02911
1.249
1.49772
1.20596
1.57199
1.68651
1.12394
1.61299
1.37999
1.39866
1.35753
1.53733
1.73163
1.42042
1.58916
1.62018
1.39044
1.51068
1.37015
1.58181
1.84245
1.26854
1.51901
1.60564
1.61256
1.41011
1.48092
1.03529
1.68647
1.59249
1.23668
1.3775
1.6742
1.40988
1.75297
1.86845
1.40526
1.49585
1.60797
1.52917
1.33425
1.58748
1.31564
1.09435
1.38989
1.38471
1.27278
1.69202
1.85673
1.33289
1.47588
1.13125
1.61162
1.43052
1.22184
1.55913
1.68476
1.26018
1.54855
1.4661
1.44829
1.55824
1.61479
1.50011
1.45498
1.67395
1.55344
1.48886
1.83694
1.36541
1.04141
1.5869
1.56661
1.38214
1.6698
1.45834
1.76873
1.69686
1.65044
1.39315
1.73669
1.32618
1.48565
1.25887
1.48956
1.21545
1.15575
1.21493
1.64358
1.43185
1.43694
1.66335
1.00153
-0.999408
-0.998052
-1.00314
-1.13873
-1.00308
1.00029
0.999643
2.04125
2.18842
1.59004
1.53998
1.10129
1.0557
1.00311
1.00426
1.20761
1.00007
1.53335
1.00132
0.998526
0.996954
0.997812
0.99929
1.00473
0.998766
1.39321
1.29581
1.138
0.996853
1.00366
1.22156
1.83475
1.45532
1.00112
1.12961
1.30963
1.30608
1.18723
1.26316
1.55533
1.20437
1.25966
1.42196
1.4805
1.21619
0.999069
1.11844
1.56578
1.40342
1.32169
1.50617
1.65779
1.46395
1.18763
1.27911
1.5686
1.43597
1.27355
1.12775
1.49687
1.34424
1.20335
1.52203
1.58002
1.25903
1.31422
1.17171
1.45132
1.39364
1.21746
1.04669
1.89115
1.43911
1.28158
1.22003
1.2437
1.32657
1.23263
1.24526
1.52762
1.6093
1.32509
1.16657
1.45634
1.16458
1.39792
1.39562
1.56026
1.3166
1.5559
1.0976
1.30505
1.29529
1.04618
1.22386
1.78005
1.41748
1.19564
1.52672
1.39013
1.2165
1.30126
1.15777
1.61985
1.59345
1.32027
1.07672
1.52882
1.22358
1.12597
1.32203
1.51538
1.30355
1.43237
1.21028
1.39536
1.46092
1.05956
1.08148
1.66981
1.35183
1.33933
1.39639
1.30829
1.32431
1.333
1.32051
1.5575
1.42679
1.24021
1.17844
1.6098
1.31283
1.22052
1.50902
1.56659
1.27837
1.34434
1.0603
1.33168
1.45473
1.18542
1.09605
1.88288
1.37668
1.21528
1.29715
1.36571
1.28571
1.27446
1.21634
1.50626
1.64019
1.34842
1.10555
1.32549
1.23157
1.39101
1.40208
1.60443
1.30247
1.52126
1.19881
1.40275
1.28301
1.09679
1.1773
1.79303
1.47633
1.24087
1.44089
1.26268
1.30648
1.28443
1.1801
1.64913
1.56786
1.31483
1.14452
1.65971
1.22417
1.15998
1.30457
1.50446
1.30551
1.4775
1.10368
1.30036
1.48638
1.04783
1.12152
1.68442
1.31568
1.30002
1.49357
1.45859
1.26956
1.35834
1.27911
1.5686
1.43597
1.27355
1.12775
1.49687
1.34424
1.20335
1.52203
1.58002
1.25903
1.23785
-0.999938
-1.00057
-0.997684
-1.00183
-0.999065
1.06484
1.0036
1.06069
1.38126
1.19027
1.00005
1.00107
0.999329
1.45975
1.51179
1.25773
1.33711
1.5134
1.42413
1.35878
1.65751
1.40451
1.17004
1.51026
1.75038
2.24499
2.02912
1.88157
1.64848
1.82263
2.09742
2.00173
1.906
2.16285
1.6638
1.77123
1.69497
1.67752
1.85838
1.89605
1.99278
1.57825
2.37714
2.17658
2.00135
2.0131
1.89409
2.05855
1.63982
1.69081
2.22727
1.80097
1.63851
1.99761
1.98788
1.88885
1.71665
1.6919
1.97378
1.90299
1.6907
1.7215
2.12078
1.79707
1.93492
1.77618
1.99488
1.89252
1.78708
1.95318
1.80147
1.9581
1.75102
1.83219
2.18059
1.77683
1.81231
1.86472
1.821
1.88316
1.81059
1.74801
1.89742
2.09465
1.93031
1.87352
2.11226
1.75082
1.95012
1.72363
1.84784
1.88208
1.91817
1.99433
1.86655
2.01255
1.73016
1.90698
2.05255
1.95827
1.88114
2.07815
1.86111
1.83894
1.81951
1.69453
1.96274
1.99688
1.85054
1.69824
2.13272
1.94361
1.85726
1.8662
1.86065
2.02558
1.88976
1.70499
1.81773
1.96602
1.81762
1.85417
2.0787
1.89554
1.87174
2.03884
1.90696
1.88771
1.98578
1.66928
1.9047
1.84485
1.70055
1.9845
2.04323
1.8724
1.77951
1.91411
2.06863
1.95178
1.96267
1.75991
2.00994
1.91468
1.59922
1.74769
2.04559
2.03417
1.86055
2.03551
1.89686
1.90911
1.90428
1.78573
1.96115
2.10637
1.77954
1.79241
2.00218
1.7586
1.90839
1.8433
1.97834
1.83366
2.05521
2.01578
1.89087
2.04242
1.62134
1.91445
1.98275
1.81051
1.77925
1.92329
1.98998
1.82605
1.95033
1.7399
1.9444
2.01484
1.85524
1.92256
2.13387
1.75613
1.87318
1.68644
1.90506
1.98574
1.89807
1.93249
1.83734
2.08579
1.8114
1.82758
2.12666
1.78341
1.95973
1.86456
1.76005
1.78636
1.85485
1.84733
1.96527
2.03289
1.78254
1.96867
2.0343
1.84632
1.92615
0.997474
-0.999791
-1.43504
-1.0025
-1.00169
-1.00215
1.2152
1.07411
1.52015
1.64143
1.14683
0.999795
1.00213
1.57958
1.9197
1.85904
1.86682
1.79056
2.0484
2.04813
1.62258
2.01017
1.63672
2.18006
1.65268
2.2018
1.53302
1.89421
1.59415
1.80305
1.55093
1.91314
1.66962
2.1335
1.44222
1.86118
1.70317
2.24693
1.55098
1.97967
1.99995
1.91821
1.46051
1.98419
1.75543
2.3904
1.53508
1.93566
1.68796
1.76636
1.42274
1.96533
1.55512
1.65076
1.52606
1.22136
1.46831
1.44263
1.4251
1.77904
1.41687
1.38858
1.4687
1.68357
1.90442
1.65422
1.75333
1.57173
1.80159
2.06452
1.75774
1.9768
1.64659
1.45736
1.62244
1.98429
2.29613
1.92576
1.44594
1.57126
1.44643
1.61002
1.3321
2.15408
1.33714
1.76354
1.34885
1.69452
1.58124
1.81059
1.63383
1.66024
1.21583
2.13307
1.34801
2.06498
1.52924
1.84811
1.00185
1.75677
1.24557
1.81366
1.18275
1.4759
1.31285
1.66992
1.18979
1.73951
1.19887
1.63189
1.21838
1.61311
1.36783
1.59758
1.16068
1.6506
1.29758
1.86612
1.0953
1.59424
1.33088
1.6052
1.08766
1.69076
1.31514
1.6833
1.09639
1.32512
1.26282
1.62464
1.19466
1.81285
1.31709
1.55167
1.05167
1.70008
1.38234
1.61247
1.02739
1.5282
1.24149
1.85198
1.26362
1.64228
1.31475
1.612
0.996826
1.72953
1.30873
1.84531
1.11367
1.37777
1.31007
1.59472
1.21311
1.67586
1.13988
1.66617
1.16522
1.65406
1.33065
1.64806
1.13099
1.5378
1.10644
1.89527
1.18947
1.62316
1.18242
1.59396
1.08589
1.68573
1.19714
1.84962
1.15265
1.43421
1.1917
1.6877
1.21311
1.67586
1.13988
1.66617
1.16522
1.65406
1.33065
1.64806
1.13099
1.5378
1.10644
1.89527
1.18947
1.62316
1.18242
1.59396
1.08589
1.68573
1.19714
1.84962
1.15265
1.43421
1.1917
1.6877
1.21311
1.67586
1.13988
1.66617
1.16522
1.65406
1.33065
1.64806
0.998974
-0.997747
-0.999384
-0.998322
-0.998799
-0.996837
1.00003
1.00289
1.96033
1.02803
1.27136
1.00289
1.00073
1.00194
0.996899
2.12985
1.83909
1.2172
1.06
1.07709
1.16045
0.998127
1.00098
1.13016
1.06438
1.05544
1.17353
1.30678
1.00132
1.36609
1.44952
1.5635
1.12992
1.36448
1.09055
1.29341
1.26049
1.17058
1.09459
1.60084
1.20015
1.32022
1.51918
1.72637
1.32089
1.65515
1.72256
1.60528
1.32186
1.65023
1.74513
1.43057
1.78199
1.45656
1.61301
1.60203
1.15354
1.65799
1.38953
1.72161
1.55306
1.44883
1.13911
1.59181
1.76283
1.1439
1.38414
1.25528
1.21968
1.36198
1.82121
1.56496
1.31526
1.16188
1.04685
1.33068
1.23044
1.16045
1.37671
1.41405
1.19197
1.34657
1.09026
1.2376
1.33564
1.01775
1.0099
1.43169
1.11251
1.00225
1.27836
1.17314
1.13227
1.18443
1.0388
1.18345
1.26837
1.16188
1.04685
1.33068
1.23044
1.16045
1.37671
1.41405
1.19197
1.34657
1.09026
1.2376
1.33564
1.01775
1.0099
1.43169
1.11251
1.00225
1.27836
1.17314
1.13227
1.18443
1.0388
1.18345
1.26837
1.16188
1.04685
1.33068
1.23044
1.16045
1.37671
1.41405
1.19197
1.34657
1.09026
1.2376
1.33564
1.01775
1.0099
1.43169
1.11251
1.00225
1.27836
1.17314
1.13227
1.18443
1.0388
1.18345
1.26837
1.16188
1.04685
1.33068
1.23044
1.16045
1.37671
1.41405
1.19197
1.34657
1.09026
1.2376
1.33564
1.01775
1.0099
1.43169
1.11251
1.00225
1.27836
1.17314
1.13227
1.18443
1.0388
1.18345
1.26837
1.16188
1.04685
1.33068
1.23044
1.16045
1.37671
1.41405
1.19197
1.34657
1.09026
1.2376
1.33564
1.01775
1.0099
1.43169
1.11251
1.00225
1.27836
1.17314
1.13227
1.18443
1.0388
1.18345
1.26837
1.16188
1.04685
1.33068
1.23044
1.16045
1.37671
1.41405
1.19197
1.34657
1.09026
1.2376
1.33564
1.01775
1.0099
1.43169
1.11251
1.00225
1.00093
-0.998893
-1.0018
-2.03029
-0.996581
-1.23847
1.00205
0.998976
1.21591
1.438
1.23792
1.00059
1.09194
1.00181
1.07773
1.10969
1.89786
1.49609
0.998658
1.1146
1.57918
1.09247
1.06123
1.10585
1.18651
0.997399
0.998551
1.16628
1.35216
0.998915
1.08262
1.0028
0.99981
1.02985
1.14149
1.39533
1.3711
0.997727
0.999129
1.00576
0.999356
0.997959
1.15765
1.15874
1.12795
1.29006
1.4604
1.28816
1.37082
1.13859
1.26302
1.30583
1.33302
1.20834
1.02255
1.03442
1.15439
0.998658
1.08185
1.13911
1.27215
1.0859
1.11416
1.00299
1.08984
1.00289
0.997997
1.04302
1.11633
1.00096
1.0488
0.998028
1.07739
1.00384
1.00538
0.999689
1.16591
1.14645
1.00887
1.1989
1.03826
1.15248
1.07905
1.24198
1.32139
1.11775
1.15058
0.997471
1.00282
1.04859
1.07816
1.13755
1.15442
1.00787
1.04328
1.1682
0.999521
1.02241
1.00494
1.04198
1.12291
1.08389
1.00376
1.1814
1.07524
1.18323
1.07674
1.28126
1.38534
1.13432
1.16607
1.0025
1.05296
1.05215
1.04438
1.08794
1.126
1.02521
0.997674
1.08737
1.03667
1.08937
1.08905
1.03054
1.12769
1.10401
1.00653
1.21541
1.00349
1.12442
1.08075
1.30926
1.34602
1.08348
1.15744
1.00274
1.00876
1.1091
1.00255
1.09666
1.14536
1.05581
1.00845
1.14647
1.05566
1.04188
1.00638
1.01443
1.11484
1.08163
1.01535
1.18126
1.04065
1.1482
1.16353
1.30799
1.36909
1.11078
1.17465
1.03739
0.999552
0.997984
1.00038
1.12557
1.16582
1.04368
1.0115
1.06654
1.07139
1.11572
0.998581
0.997656
1.15452
1.14645
1.00887
1.1989
1.03826
1.15248
1.07905
1.24198
1.32139
1.11775
1.15058
0.997471
1.00282
1.04859
1.07816
1.13755
1.15442
1.00787
1.04328
1.1682
0.999521
1.02241
1.00494
1.04198
1.12291
1.08389
1.00376
1.1814
1.07524
1.18323
1.07674
1.28126
1.38534
1.13432
1.16607
1.0025
1.05296
1.05215
1.00032
-0.997894
-0.997777
-0.996883
-1.00128
-1.01488
0.999294
0.999684
1.44571
1.53132
1.0033
0.998615
1.24491
1.62774
1.64174
1.55891
1.0013
1.65051
1.29299
1.00378
1.36189
1.19613
1.46918
0.997648
0.999691
1.03482
1.58607
1.14281
1.28218
1.00438
1.33371
1.00087
1.29818
0.999573
1.31601
1.35354
1.27086
1.55901
1.25277
1.06994
1.63227
1.55581
1.00061
1.39477
1.31576
2.00182
2.21648
1.81609
1.78287
1.70195
1.77095
1.8785
1.62646
1.6414
1.94001
1.93705
1.96195
1.67886
1.72011
1.86581
1.8121
1.6825
1.80065
2.00179
1.79015
1.98353
1.71932
1.8526
1.75826
1.7929
2.07789
1.87453
1.64929
1.71371
1.76035
1.85556
1.65821
1.93746
1.92202
1.85373
1.9408
1.77928
1.65076
1.69992
1.72321
1.92155
2.02519
1.82113
1.64434
1.86021
1.72399
1.7294
1.68916
1.71295
2.00645
2.00539
1.79836
1.77453
1.87014
1.86436
1.83189
2.04137
1.94084
1.64183
1.88717
1.79977
1.70744
1.99279
1.78746
1.86533
1.94761
1.85248
1.78205
1.78767
1.626
1.79131
1.80276
1.81189
1.73508
1.9198
1.7716
1.83301
1.76764
1.71331
1.72378
2.15917
1.97404
1.8116
1.8327
1.82263
1.70745
1.86522
1.6132
1.79531
2.13286
1.97644
1.83255
1.71906
1.61087
1.8163
1.82777
1.80818
1.79706
1.88421
1.78595
1.68648
1.76552
1.86961
1.70993
1.95633
1.99886
1.80246
1.88088
1.72036
1.55753
1.9828
1.73872
1.76434
1.93722
1.85378
1.8626
1.97359
1.71731
1.83377
1.66478
1.86351
1.94804
1.89753
1.74004
1.66074
1.88386
1.79514
1.53006
1.83015
1.95205
1.98945
1.86349
1.85204
1.56955
1.95651
1.80146
1.80632
1.98532
1.81902
1.73144
1.91295
1.71009
1.81026
1.853
1.88964
2.0565
1.79871
1.73797
1.77451
1.78063
1.78799
1.70869
2.00963
1.83163
1.75708
1.91199
1.79553
1.67437
1.83742
1.77389
1.849
2.13126
1.92674
1.69424
1.85849
1.00319
-0.99831
-1.05317
-1.16036
-1.00118
-1.00346
1.04954
1.0003
1.00005
1.47645
1.85492
1.12983
1.97163
2.02833
2.17384
2.16332
1.93956
1.6238
1.60538
1.80941
1.48059
1.45032
1.46363
1.94814
1.54047
1.74157
1.11927
1.46582
1.30965
1.22924
1.24644
1.6609
1.65189
1.68741
1.28042
1.18217
1.25588
1.46872
1.21728
1.30234
1.41239
1.65983
1.33674
1.75682
1.34947
1.4059
0.997965
1.50333
1.12069
1.3204
1.20159
1.46007
1.57554
1.89021
1.3763
1.6013
1.47939
1.48692
1.24895
1.35045
1.2001
1.33327
1.17446
1.46911
1.62011
1.37639
1.39915
1.72182
1.54443
1.23445
1.05442
1.47469
1.21801
1.34231
1.39974
1.49928
1.6584
1.42278
1.11
1.66273
1.58908
1.38703
1.23884
1.54846
1.21746
1.42667
1.32669
1.55398
1.59962
1.4063
1.53771
1.6555
1.52216
1.26509
1.06409
1.49383
1.07696
1.35362
1.35088
1.66016
1.62477
1.43569
1.20494
1.65002
1.53981
1.3409
1.24224
1.49008
1.19709
1.42217
1.24457
1.52336
1.6265
1.3583
1.44124
1.63382
1.45244
1.25581
1.04453
1.43841
1.00143
1.38181
1.34485
1.49484
1.65995
1.34781
1.26428
1.72188
1.52225
1.37195
1.32153
1.49972
1.13501
1.40812
1.2704
1.41948
1.65996
1.35011
1.2998
1.69906
1.5427
1.38483
1.07259
1.43439
1.17088
1.36404
1.32101
1.51022
1.63675
1.33639
1.05541
1.62509
1.46553
1.60495
1.30449
1.5027
1.21709
1.4188
1.29728
1.40661
1.59879
1.39977
1.41444
1.70712
1.53992
1.35116
1.11818
1.52749
1.10318
1.24294
1.35446
1.54986
1.58329
1.43187
1.15673
1.68638
1.55656
1.37738
1.31799
1.48952
1.31538
1.3669
1.29275
1.40062
1.64427
1.41373
1.39824
1.67477
1.5401
1.21279
1.07365
1.48731
1.0832
1.38976
1.39177
1.65136
1.63149
1.40347
1.26452
1.63095
1.53538
1.36491
1.25383
1.54521
1.18771
1.42624
1.27211
1.53702
1.65906
1.39304
0.996234
-0.99933
-1.22263
-1.00197
-1.00439
-1.366
1.0017
0.998299
1.0048
1.38216
1.22281
0.998784
1.14798
0.997209
1.20687
1.47683
1.89171
1.4461
1.98554
2.22008
1.89259
2.28297
2.23746
2.22161
1.84196
2.6081
2.24055
2.36508
1.95799
1.99983
2.05237
1.91858
2.15801
2.54786
1.90762
2.19608
2.51963
2.13051
2.37767
2.28446
2.02721
2.5154
2.46714
2.12171
2.37334
2.22891
2.39292
2.17013
2.49119
2.75247
1.99463
2.54104
2.37342
2.23382
2.29593
2.1599
2.04153
2.61432
2.34908
2.5054
2.11361
2.1107
2.27816
2.11125
1.98816
1.66633
1.97883
2.08585
1.97064
2.29135
2.05672
1.88427
2.06158
2.13779
1.67129
1.90229
1.91827
1.83221
1.83081
1.85535
1.56778
1.7638
1.68873
1.69265
1.95865
1.94956
1.70865
1.81688
1.82066
1.93208
2.05335
1.74336
1.69357
2.06101
1.79553
1.7351
1.63476
2.14657
2.23659
2.3679
2.16986
2.02017
2.03836
1.95011
1.8491
2.06124
2.22567
1.65556
1.829
1.66398
1.64714
1.97151
1.6314
1.81038
1.91508
2.01147
1.85356
2.00432
1.85411
1.71988
2.05869
2.12995
1.83839
2.10752
2.2322
2.10141
1.94344
2.16531
2.03767
2.20032
2.45622
1.93186
2.03038
2.04553
1.56282
1.9934
1.65596
2.14128
2.32282
2.1145
1.817
1.9917
2.45494
1.81072
1.82023
1.95336
1.69086
2.14187
2.21326
1.91753
1.87313
1.71762
1.65248
2.14757
1.86554
1.71668
2.05185
1.90466
1.6949
2.00761
1.76382
1.75906
1.97817
1.77326
1.66217
2.12539
1.85831
1.61961
1.82904
2.03492
1.80958
2.0691
1.73455
1.73147
1.96709
1.64892
1.55767
1.99256
1.81285
1.84474
1.98146
1.92835
1.70484
2.03382
1.69651
1.78046
2.06193
1.94494
1.70768
2.08926
1.71745
1.58642
1.93896
2.00758
1.74808
1.89383
1.84629
1.84567
1.93247
1.78931
1.48934
2.14181
1.76937
1.58634
1.90058
1.89903
1.77039
1.92939
1.67549
1.80498
1.57373
-1.08938
-1.0176
-2.17995
-1.00391
-1.71236
0.99999
1.00012
1.38046
2.27562
1.37079
1.08995
1.14774
1.32838
2.0157
1.47984
1.82506
1.29121
1.51233
1.65378
1.25463
1.20191
1.16004
1.00174
1.67001
1.58789
1.64288
1.66452
1.15249
1.68736
1.0003
1.16621
1.23568
1.10164
1.33934
1.20063
1.00052
1.37816
1.33522
1.22513
1.0865
1.25551
0.997056
1.45485
1.53952
1.44734
1.30864
1.1732
1.37101
1.91451
1.38987
1.53399
1.22147
1.63906
1.67734
1.43253
1.20402
1.57201
1.11663
1.46872
1.43097
1.42487
1.08696
0.999478
1.38996
1.4977
1.045
1.37613
1.34107
1.37027
1.13821
1.08531
1.0026
1.32194
1.3168
1.37064
1.28348
1.38298
1.22866
1.17177
1.26476
1.22177
1.09771
1.39475
1.6899
1.29832
1.08413
1.06319
0.997344
1.52155
1.12598
1.41065
1.20089
1.41266
1.39651
1.19939
1.38282
1.48589
1.49917
1.63878
1.35877
1.20823
1.03102
1.20419
1.30991
1.43773
1.00475
1.26331
1.35152
1.53289
1.2592
1.13639
1.00328
1.30545
1.22792
1.51742
1.23882
1.20961
1.15614
1.33085
1.13759
1.49457
1.07562
1.47213
1.76627
1.50205
1.13819
1.01983
1.25509
1.63381
1.6487
1.97309
1.9105
1.7689
1.5905
1.75863
1.67524
1.64961
1.91187
1.97239
1.67599
1.78141
1.65189
1.54038
1.68031
1.79298
1.65024
1.32111
1.40906
1.49449
1.00424
1.2163
1.00203
1.316
1.27252
1.39011
1.48283
1.52451
1.52204
1.22092
1.28045
1.36835
1.148
1.33126
1.37695
1.33062
1.0004
1.25111
1.01113
1.44968
1.16376
1.29004
1.27049
1.47635
1.45995
1.0334
1.02322
1.34224
1.28991
1.52861
1.24252
1.25042
1.01082
1.217
1.35455
1.42127
1.19715
1.30766
1.66533
1.64168
1.56781
1.06959
0.998131
1.35213
1.4285
1.45148
1.13461
1.20227
0.997063
1.26441
1.05913
1.24239
1.03653
1.29345
1.50362
1.55618
1.13098
1.06999
1.13077
1.45305
1.00124
-1.00099
-1.00003
-0.998912
-0.997084
-1.00241
1.06709
1.83734
1.70921
1.87074
2.07254
1.63788
1.82743
1.71733
2.01644
1.89078
2.08132
1.64799
1.65669
1.72442
1.64089
1.435
1.28196
1.08812
1.29665
1.30332
1.50581
1.67776
1.5302
1.96255
2.04851
2.37003
2.1608
2.2731
2.08843
1.70026
1.76399
1.29743
1.37512
1.62278
1.61364
1.46516
1.46404
1.82782
1.80238
1.28794
1.58267
1.76341
1.76907
1.58905
1.76292
1.62051
1.67535
1.70275
1.86169
1.75494
1.68864
1.48909
1.71785
1.65401
1.7386
1.54561
1.70905
1.80719
1.58556
1.53587
1.69508
1.62909
1.82739
1.4567
1.63239
1.68261
1.81761
1.68314
1.84179
1.70742
1.68722
1.51281
1.71037
1.62893
1.8672
1.58313
1.8731
1.726
1.78458
1.56024
1.78843
1.73977
1.63715
1.56476
1.73977
1.64398
1.84028
1.49203
1.59048
1.81653
1.79461
1.57389
1.65344
1.73034
1.79427
1.54331
1.64269
1.63451
1.92169
1.56091
1.62818
1.752
1.78959
1.64548
1.77287
1.7498
1.60388
1.61019
1.80866
1.62181
1.76027
1.57833
1.57191
1.72177
1.71112
1.48806
1.94337
1.65496
1.80937
1.45269
1.67554
1.78015
1.8937
1.62302
1.59607
1.74166
1.7923
1.42123
1.69234
1.7088
1.86534
1.66948
1.73996
1.6764
1.82905
1.59798
1.50653
1.72658
1.86433
1.56548
1.77165
1.67112
1.69251
1.62258
1.69421
1.71079
1.78801
1.69809
1.77592
1.71138
1.78092
1.4719
1.78167
1.67322
1.66665
1.61175
1.71009
1.78767
1.83994
1.62264
1.48664
1.74481
1.87591
1.58109
1.79999
1.7111
1.73297
1.53175
1.61672
1.69904
1.92223
1.5655
1.81635
1.65262
1.77884
1.61962
1.73375
1.76481
1.57607
1.60083
1.72069
1.56272
1.81005
1.49579
1.74249
1.8338
1.83227
1.55057
1.90686
1.67831
1.64718
1.52438
1.71832
1.66328
1.87413
1.51691
1.63369
1.77125
1.78529
1.53166
1.63688
1.79433
1.77494
1.6446
0.996273
-1.00366
-0.997496
-1.00041
-0.997585
-0.999117
1.04037
0.999958
1.35146
1.50062
1.55406
1.21101
1.00061
0.997486
1.00267
1.25888
1.25868
1.01757
1.55754
1.65269
1.46569
1.41811
1.64663
1.80448
1.13625
0.998199
1.89734
1.30682
1.54198
1.21695
1.67527
1.44935
0.999831
0.996979
1.80906
1.51851
1.33918
1.40454
2.15018
1.61134
1.64249
1.33044
1.87594
1.22435
1.27586
1.21716
1.76247
1.35792
1.32025
1.13002
1.71916
1.32889
1.28089
1.17262
1.83553
1.36927
1.132
1.05109
1.75658
1.51168
1.33723
1.40906
1.92845
1.52857
1.24143
1.11776
1.66064
1.32063
1.35374
1.29208
1.77853
1.39574
1.33636
1.11863
1.71202
1.28989
1.34614
1.09791
1.79622
1.4493
1.1944
1.06024
1.75167
1.47483
1.43644
1.36399
2.01244
1.5495
1.14747
1.06765
1.58287
1.31792
1.21335
1.22348
1.88128
1.36605
1.26086
1.05947
1.74099
1.3335
1.21846
1.13531
1.84562
1.43702
1.18299
1.00684
1.71321
1.53932
1.35032
1.31001
2.0043
1.52784
1.22635
1.02968
1.64882
1.31792
1.21335
1.22348
1.88128
1.36605
1.26086
1.05947
1.74099
1.3335
1.21846
1.13531
1.84562
1.43702
1.18299
1.00684
1.71321
1.53932
1.35032
1.31001
2.0043
1.52784
1.22635
1.02968
1.64882
1.31792
1.21335
1.22348
1.88128
1.36605
1.26086
1.05947
1.74099
1.3335
1.21846
1.13531
1.84562
1.43702
1.18299
1.00684
1.71321
1.53932
1.35032
1.31001
2.0043
1.52784
1.22635
1.02968
1.64882
1.31792
1.21335
1.22348
1.88128
1.36605
1.26086
1.05947
1.74099
1.3335
1.21846
1.13531
1.84562
1.43702
1.18299
1.00684
1.71321
1.53932
1.35032
1.31001
2.0043
1.52784
1.22635
1.02968
1.64882
1.31792
1.21335
1.22348
1.88128
1.36605
1.26086
1.05947
1.74099
1.3335
1.21846
1.13531
1.84562
1.43702
1.18299
1.00684
1.71321
1.53932
1.35032
1.31001
2.0043
1.52784
1.22635
1.02968
1.00331
-1.00117
-0.999264
-1.00302
-0.998495
-0.995158
1.74455
1.94407
1.79944
2.15988
2.03816
1.85874
1.84845
1.72747
2.41556
1.92639
1.92878
1.75782
1.38972
1.28925
1.37705
1.61724
1.60813
1.07713
1.31418
1.33515
1.33594
1.28661
1.85116
1.5093
1.61049
1.32241
1.1729
1.46429
1.37289
1.31241
1.79773
1.62651
1.29139
1.48163
1.61389
1.46808
1.42967
1.27163
1.75079
1.58146
1.52719
1.54595
1.3386
1.55009
1.44375
1.37931
1.69011
1.5092
1.53182
1.3625
1.43717
1.49321
1.60635
1.52085
1.83064
1.78671
1.63595
1.35838
1.46279
1.53616
1.37896
1.38064
1.74425
1.49149
1.49454
1.48388
1.39472
1.63063
1.42256
1.29152
1.62053
1.5092
1.53182
1.3625
1.43717
1.49321
1.60635
1.52085
1.83064
1.78671
1.63595
1.35838
1.46279
1.53616
1.37896
1.38064
1.74425
1.49149
1.49454
1.48388
1.39472
1.63063
1.42256
1.29152
1.62053
1.5092
1.53182
1.3625
1.43717
1.49321
1.60635
1.52085
1.83064
1.78671
1.63595
1.35838
1.46279
1.53616
1.37896
1.38064
1.74425
1.49149
1.49454
1.48388
1.39472
1.63063
1.42256
1.29152
1.62053
1.5092
1.53182
1.3625
1.43717
1.49321
1.60635
1.52085
1.83064
1.78671
1.63595
1.35838
1.46279
1.53616
1.37896
1.38064
1.74425
1.49149
1.49454
1.48388
1.39472
1.63063
1.42256
1.29152
1.62053
1.5092
1.53182
1.3625
1.43717
1.49321
1.60635
1.52085
1.83064
1.78671
1.63595
1.35838
1.46279
1.53616
1.37896
1.38064
1.74425
1.49149
1.49454
1.48388
1.39472
1.63063
1.42256
1.29152
1.62053
1.5092
1.53182
1.3625
1.43717
1.49321
1.60635
1.52085
1.83064
1.78671
1.63595
1.35838
1.46279
1.53616
1.37896
1.38064
1.74425
1.49149
1.49454
1.48388
1.39472
1.63063
1.42256
1.29152
1.62053
1.5092
1.53182
1.3625
1.43717
1.49321
1.60635
1.52085
1.83064
1.78671
1.63595
1.35838
1.46279
1.53616
0.998012
-0.997116
-1.16926
-1.0948
-1.00068
-1.00235
1.00955
0.999381
2.09132
1.80681
2.15886
2.16728
1.61128
1.56084
1.09926
1.45361
1.42331
1.65488
1.33944
1.53218
1.69425
1.79165
1.82918
1.65761
1.72721
1.00149
1.4406
1.23022
1.90612
1.84673
1.81512
1.62941
1.70001
1.71874
1.87041
1.36501
1.80838
1.29294
1.83155
1.42699
1.90754
1.67232
1.9985
1.60994
2.20501
2.07911
1.80665
1.42415
1.90652
1.42798
2.05241
1.75496
2.25186
1.5783
1.63611
1.5049
1.82502
1.38673
1.89682
1.75204
2.08169
1.5345
1.78852
1.4591
1.95894
1.45449
2.00251
1.94758
1.96685
1.47308
1.78333
1.54714
2.01264
1.54052
2.04129
1.76715
2.15913
1.54393
1.66368
1.57811
1.90753
1.87576
2.31223
1.91275
2.46283
1.74747
2.33891
1.85618
2.35562
1.9571
2.0378
2.14223
2.18319
2.32043
1.89688
2.14645
2.10141
2.06031
2.28653
2.36467
2.60118
2.41588
2.51472
1.88473
2.11504
1.61508
2.18302
1.75062
1.98882
1.61656
1.94135
1.56421
2.09622
1.5422
2.04603
1.84447
2.17468
1.54648
1.79393
1.42462
1.98827
1.56874
1.89673
1.81585
2.17683
1.6045
1.73056
1.52312
2.03681
1.59519
2.22699
2.02632
2.08485
1.54529
1.81729
1.3548
1.93483
1.57351
2.09423
1.7949
2.06075
1.49828
1.81071
1.44804
1.88879
1.46143
2.23995
1.67622
2.18225
1.50268
1.73685
1.3313
2.08773
1.44147
2.06413
1.78709
2.03196
1.66264
1.8951
1.71774
2.39178
1.80196
2.39437
1.81074
2.4015
2.02706
1.97485
1.50254
1.97574
1.58329
2.09612
1.74854
2.14737
1.61972
1.79209
1.64375
1.79678
1.44056
2.09256
1.83083
2.24273
1.5595
1.94523
1.41294
1.9119
1.53863
2.01783
1.96185
2.02064
1.41822
1.65258
1.56423
1.97689
1.5374
2.03548
1.74715
2.24818
1.6125
1.72188
1.45303
2.11413
1.52046
2.07568
1.78789
2.04281
1.67098
1.80999
1.61262
2.04342
1.55989
0.998845
-0.99587
-0.996726
-1.00137
-0.99941
-0.996683
1.58816
1.76154
1.20466
1.7233
1.00164
1.37952
0.998514
1.63435
1.6264
1.27197
1.51222
1.50642
0.999815
0.999111
1.09239
1.00033
1.58325
1.3439
0.99702
0.99912
1.92704
1.38235
1.55494
1.18844
1.00316
1.19114
1.49241
1.12687
1.2798
1.57904
1.39158
1.43358
1.63987
1.11127
1.33209
1.37075
1.14539
1.26997
1.6704
1.00883
1.23997
1.52489
1.19655
1.27008
1.35801
1.16227
1.36358
1.34675
1.15409
1.24026
1.62872
1.1883
1.30867
1.55107
1.33814
1.40861
1.73665
1.2009
1.35162
1.37087
1.0392
1.2676
1.68363
1.00037
1.20018
1.46502
1.27545
1.36147
1.36885
1.16181
1.28975
1.38768
1.1711
1.20449
1.58185
1.10117
1.39796
1.59583
1.32415
1.38078
1.70528
1.25508
1.3706
1.33233
0.998025
1.22625
1.7357
1.05231
1.171
1.45387
1.19862
1.39181
1.37519
1.10069
1.2474
1.3694
1.26866
1.2982
1.6118
1.09049
1.34731
1.61459
1.38804
1.3276
1.62907
1.17155
1.4286
1.38883
0.99855
1.22331
1.71182
1.08907
1.23193
1.41577
1.14785
1.323
1.4636
1.20038
1.21914
1.33876
1.19791
1.30493
1.59591
1.06419
1.27012
1.61839
1.47139
1.39732
1.64022
1.1246
1.3787
1.41938
1.03779
1.17393
1.65595
1.04347
1.32101
1.493
1.15203
1.32661
1.41644
1.23257
1.30962
1.32999
1.1409
1.25944
1.64614
1.12687
1.2798
1.57904
1.39158
1.43358
1.63987
1.11127
1.33209
1.37075
1.14539
1.26997
1.6704
1.00883
1.23997
1.52489
1.19655
1.27008
1.35801
1.16227
1.36358
1.34675
1.15409
1.24026
1.62872
1.1883
1.30867
1.55107
1.33814
1.40861
1.73665
1.2009
1.35162
1.37087
1.0392
1.2676
1.68363
1.00037
1.20018
1.46502
1.27545
1.36147
1.36885
1.16181
1.28975
1.38768
1.1711
1.20449
1.58185
1.10117
1.39796
1.59583
1.32415
1.38078
1.70528
1.25508
1.3706
1.33233
1.00336
-0.997628
-1.00146
-0.999748
-0.998088
-0.996324
