2.33221
2.07585
1.45995
1.59256
1.1849
1.06434
1.35944
0.995525
1.16642
1.07103
1.16612
1.45124
1.33082
1.62436
1.24492
0.997605
1.15701
1.00976
1.23423
1.16193
0.997799
1.34303
1.12283
1.46391
1.20452
1.23148
1.45318
1.61272
1.16892
1.33472
1.28785
1.0463
0.997537
1.10333
0.999069
1.05626
0.998461
1.21095
1.34283
1.36504
1.24278
1.11129
1.35895
1.45419
1.23705
1.37532
1.00189
0.997586
1.21116
1.07999
1.19704
1.00333
0.998011
1.25084
1.33436
1.50543
1.16642
1.07103
1.16612
1.45124
1.33082
1.62436
1.24492
0.997605
1.15701
1.00976
1.23423
1.16193
0.997799
1.34303
1.12283
1.46391
1.20452
1.23148
1.45318
1.61272
1.16892
1.33472
1.28785
1.0463
0.997537
1.10333
0.999069
1.05626
0.998461
1.21095
1.34283
1.36504
1.24278
1.11129
1.35895
1.45419
1.23705
1.37532
1.00189
0.997586
1.21116
1.07999
1.19704
1.00333
0.998011
1.25084
1.33436
1.50543
1.16642
1.07103
1.16612
1.45124
1.33082
1.62436
1.24492
0.997605
1.15701
1.00976
1.23423
1.16193
0.997799
1.34303
1.12283
1.46391
1.20452
1.23148
1.45318
1.61272
1.16892
1.33472
1.28785
1.0463
0.997537
1.10333
0.999069
1.05626
0.998461
1.21095
1.34283
1.36504
1.24278
1.11129
1.35895
1.45419
1.23705
1.37532
1.00189
0.997586
1.21116
1.07999
1.19704
1.00333
0.998011
1.25084
1.33436
1.50543
1.16642
1.07103
1.16612
1.45124
1.33082
1.62436
1.24492
0.997605
1.15701
1.00976
1.23423
1.16193
0.997799
1.34303
1.12283
1.46391
1.20452
1.23148
1.45318
1.61272
1.16892
1.33472
1.28785
1.0463
0.997537
1.10333
0.999069
1.05626
0.998461
1.21095
1.34283
1.36504
1.24278
1.11129
1.35895
1.45419
1.23705
1.37532
1.00189
0.997586
1.21116
1.07999
1.19704
1.00333
0.998011
1.25084
1.33436
1.50543
1.16642
1.07103
1.16612
1.45124
1.60977
-1.00338
-0.999241
-1.00249
-0.995969
-0.997445
2.64785
1.54671
1.80111
2.53774
1.52242
1.06501
1.25653
0.996833
1.2091
1.84881
1.8122
2.17766
1.82393
1.73252
1.01795
1.58442
1.3533
1.13969
1.32704
1.39911
1.20933
1.16223
1.1946
1.52445
1.56835
1.48403
1.41446
1.88077
1.32512
2.10635
1.6282
2.04659
1.36119
1.59323
1.12314
1.78998
1.71659
1.39879
1.53255
1.56701
1.45682
1.76241
1.4467
1.40225
1.16881
1.61943
0.998674
1.63839
1.6738
1.51598
1.12904
1.65887
1.56272
1.0776
1.6039
1.38642
1.07116
1.93206
1.79605
2.01229
1.81959
2.06628
1.08132
2.00774
1.59662
1.69521
1.81382
1.72756
1.36816
1.28482
1.00228
0.998698
1.37383
1.43117
1.28116
1.65197
1.35274
2.08429
1.4371
2.0513
1.33694
1.28244
1.41556
1.61248
1.55676
1.34195
1.53476
1.56824
1.30148
2.08923
1.4669
2.03375
1.44502
2.0361
1.41144
2.03044
1.76034
1.44679
1.00402
1.39711
1.50278
1.00309
1.26186
1.06482
1.00367
1.69956
1.50247
2.07789
1.73124
1.5804
1.14348
1.72169
1.38936
1.63131
1.69311
1.68538
1.26527
1.26544
1.18672
1.59338
1.66593
1.82339
1.65145
2.04039
1.6607
1.74504
1.27605
1.58861
1.22682
1.14612
0.99854
1.44376
1.60127
1.2828
1.04232
1.4279
1.2975
1.62197
1.74018
1.89629
1.26191
2.04937
1.43877
1.93889
1.69413
1.69183
1.03904
1.81235
1.60999
1.49053
1.80039
1.53648
1.26405
1.79198
1.32311
1.50225
1.50986
1.53532
1.01661
1.59994
1.48322
1.53411
1.4026
1.65404
1.31931
1.04867
1.48106
1.47612
1.45901
1.90948
1.62184
1.97159
1.48729
2.14491
1.37305
2.17061
1.43033
1.60377
1.56084
1.7958
1.66199
1.25065
0.996681
1.04558
1.1303
1.57923
1.54744
1.63387
1.21259
1.92194
1.22907
1.98558
1.63973
1.26583
1.30897
1.6367
1.45638
1.4317
1.74316
1.49002
1.22224
1.90226
1.4662
2.03947
2.03344
-0.998436
-1.26871
-1.29574
-1.00225
-1.00139
1.35441
1.83336
0.995979
1.42369
1.26943
1.50418
1.40778
1.10084
1.29432
1.65288
1.19996
1.26081
1.02323
1.46199
1.42384
1.70582
1.5092
1.56148
2.08499
1.2053
1.11687
1.93104
1.89633
1.441
1.18593
1.10652
0.998415
1.17649
1.7198
1.64084
1.53711
1.12403
1.00256
0.998192
2.01818
1.95738
1.50835
1.42559
0.997337
1.15992
1.26005
1.18124
1.36132
1.09737
0.997746
1.38168
1.30931
1.25598
1.18547
1.69109
1.85645
2.14452
1.64283
1.86562
1.12135
0.999438
1.42131
1.24888
1.35938
1.10368
0.998603
1.07869
1.06056
2.09224
1.58976
2.08643
1.88327
1.41411
1.06818
1.53504
1.76315
1.2307
1.36118
1.0031
1.00331
1.37634
1.504
2.04067
1.52681
1.44302
1.25008
1.5465
1.68146
1.43147
1.58973
1.00198
1.04609
1.13963
1.45069
1.0272
0.997907
1.7991
1.00762
1.82149
1.42269
1.27291
1.00104
1.37423
1.91645
1.90706
1.65206
1.48172
1.49115
1.01596
1.06783
1.52807
1.54107
1.56477
1.07054
1.5771
0.998336
1.38175
1.74824
1.71812
2.20291
1.359
1.06588
1.23297
1.32582
1.6016
1.46858
1.45734
1.00731
1.44783
1.21113
1.69353
1.5213
1.00368
1.15355
1.19094
2.00939
1.55261
1.23138
1.39241
1.33358
1.50441
1.41911
1.35991
0.997599
1.0043
1.21611
1.47242
1.5308
1.23084
0.99524
1.00335
1.51093
2.09077
1.84228
1.92623
1.33294
1.20627
0.997876
1.29595
1.47276
1.14881
1.2341
1.37858
1.08378
1.61372
1.55486
2.11152
2.15012
1.73851
1.24417
1.74482
1.20939
1.02577
1.58512
0.997327
1.0473
1.41518
1.34564
1.47665
1.35158
1.70027
1.20617
1.71038
1.98468
1.48936
1.30221
1.01683
1.22994
1.37523
1.49692
1.16429
1.22556
0.998943
1.00331
1.84019
1.65307
1.69986
1.16534
1.59293
1.46666
1.51806
1.8754
1.54084
1.64026
1.09456
1.10269
1.00112
1.09615
1.72696
1.18391
-0.997645
-0.998945
-0.999139
-0.996942
-0.998344
2.61305
1.81447
1.78078
1.83578
1.73551
0.997806
1.76385
0.996708
1.7383
1.94663
1.05599
1.46386
1.55717
1.39832
2.38851
2.2871
2.05604
1.5624
2.01771
1.86964
1.23995
1.95472
1.25074
1.49536
1.51816
2.06177
1.56676
1.7228
1.70448
1.46865
2.53285
1.91565
1.8243
1.75949
1.25924
1.64389
1.79607
1.89067
1.36858
1.76072
1.09497
1.04081
1.89
2.37994
2.20541
1.85159
1.90905
1.00324
1.93534
2.20012
1.73657
2.18697
1.36229
1.727
1.56546
1.54702
1.62494
2.03697
1.61188
1.21837
1.97758
1.58841
2.19938
2.15067
1.65541
1.63631
1.76301
2.17134
1.18845
1.66657
1.33304
1.64963
2.09751
1.63069
1.79888
1.68954
1.35517
1.52635
2.2474
2.14779
1.79781
2.28438
1.22405
1.32765
1.834
1.99597
1.86876
1.51716
1.54501
1.19896
1.67994
2.27972
1.86037
1.86147
1.66148
1.36107
1.49744
1.8113
1.91671
2.34959
1.74488
1.41736
1.69316
1.58034
1.37825
2.16494
1.45535
1.43317
1.73807
1.88547
2.15453
1.81882
1.68732
1.70931
2.25276
1.97068
1.36554
1.51986
1.00982
1.47553
1.83406
1.74615
1.48591
2.05476
1.11355
0.999153
2.44483
2.30216
2.28882
2.03222
1.50945
1.06575
1.6598
2.07606
1.59042
1.81626
1.38113
1.69677
1.53575
1.89769
1.94142
1.98374
2.15028
1.22623
1.98377
1.91222
1.62705
2.18909
1.41643
1.47615
1.34903
1.94629
1.30304
1.70741
1.44994
1.62887
2.28764
1.55545
2.26703
1.63171
1.43191
1.69604
1.96496
2.29588
1.44932
2.0756
1.0101
1.00175
1.75279
1.86654
2.03461
1.89157
1.68327
1.09836
2.33254
2.27121
1.87479
2.06359
1.21159
1.48725
1.50529
1.62541
1.75261
2.05329
1.91709
1.3406
1.73993
2.00939
1.58705
2.07437
1.8931
1.37816
1.87118
2.34279
1.70665
1.93114
1.40322
1.5813
1.85926
1.52258
1.60807
1.71228
1.1916
1.5071
2.38571
-0.999005
-0.997995
-1.00386
-0.998637
-0.996628
1.31167
1.28429
1.00061
2.23498
1.04109
1.27496
1.12511
1.00269
1.17126
1.38348
0.998042
1.66623
1.17294
0.998761
0.997434
1.34764
1.3107
1.25776
1.29933
0.998039
1.07243
1.47687
1.69967
1.41222
1.20103
1.13786
1.11576
1.11574
1.05016
1.62097
1.5004
1.40423
1.01723
1.00117
1.52722
1.44992
1.33884
1.4978
1.43217
1.40826
1.21351
0.998142
1.05115
1.75392
1.23531
1.70561
1.38937
1.16569
1.30455
1.36328
1.3575
1.18207
1.02916
1.52669
1.34586
1.00307
1.00375
1.62325
1.43468
1.80726
1.36831
1.0044
1.00009
1.38142
1.18513
1.24632
1.18712
1.37664
0.997909
1.07661
1.53915
1.73954
1.4609
1.23762
1.16017
1.15382
1.18331
1.55145
1.25163
1.30832
1.09411
1.12813
1.40519
0.998914
1.23985
1.72046
1.6245
1.62759
1.26164
1.1158
1.07344
1.75579
1.12368
1.53584
1.04333
1.4758
1.00112
1.00509
1.23944
1.32919
1.36453
1.50789
1.38462
1.25381
1.09218
1.49413
1.3935
1.50008
1.30371
1.46528
1.11785
0.997466
0.998507
1.36886
1.62145
1.38454
1.07748
1.20638
1.62617
1.71596
1.25503
1.07783
1.00295
1.29466
0.997171
1.18982
1.07516
1.43746
1.06566
1.27756
1.50733
1.17131
1.26674
1.41336
1.48035
1.21967
1.14063
1.41884
1.18461
0.997886
1.00363
1.79733
1.54219
1.58337
1.26315
0.998857
1.23866
1.43029
1.27618
1.52897
1.31087
1.60471
1.06914
1.00429
1.03692
1.74714
1.52779
1.47316
1.25757
1.03708
1.08145
1.21457
1.33981
1.30173
1.22001
1.33316
1.5619
1.36326
1.25315
1.39379
1.2924
1.593
1.22087
1.2269
1.22914
1.41258
1.00001
1.24071
1.32229
1.43743
1.13195
0.999262
1.38516
1.59564
1.46701
1.47338
1.25316
1.21067
1.17028
1.76008
1.41027
1.3067
1.26209
1.44186
1.25151
1.00377
1.00171
1.62452
1.68114
1.59488
1.1675
1.15893
1.02582
1.79682
1.73031
-1.00223
-1.00178
-1.00085
-0.999261
-0.995772
2.64613
2.32558
1.8776
2.2967
1.44179
1.71133
1.33881
1.00011
1.47786
2.26594
2.21506
2.12324
1.69623
1.61186
1.53678
2.474
1.74211
1.93039
1.92659
1.55387
1.84628
2.07792
1.81475
1.56868
1.4182
1.40438
1.77946
2.26894
2.11402
2.01585
2.02902
1.7321
1.56617
2.39091
1.83667
1.80757
1.41306
1.5069
1.1654
2.05931
1.73018
0.99953
1.97312
2.43186
2.01806
2.52503
2.25646
1.74031
2.10122
1.93654
1.68485
2.29061
1.31759
1.21623
1.21156
1.1875
1.44586
2.27593
2.44426
2.08619
1.9619
2.03526
1.69178
2.39906
1.55199
1.90948
1.62206
1.60835
1.42955
1.45551
1.25152
1.78952
1.90729
1.68117
2.11459
2.67354
2.67723
2.06853
1.99482
1.85088
1.23631
2.32602
1.45451
1.07022
1.44556
1.58708
1.4657
2.03575
2.03937
1.63558
2.10073
2.40386
1.77893
2.5988
1.99485
1.69395
1.30609
1.57225
1.37444
2.22037
1.79421
1.42604
1.95088
1.53968
2.05127
2.21776
2.48017
2.06953
1.76621
1.81223
1.50652
1.72047
1.33192
2.02997
1.97388
1.53171
1.68638
1.93722
1.50043
1.81941
1.46699
1.69795
1.83093
2.63399
2.00351
1.40035
1.50513
2.13042
1.55533
2.45654
1.9949
1.5431
1.96819
1.4998
1.46556
2.2076
1.65709
1.27818
1.78853
1.81892
1.69053
2.66151
2.19688
1.58499
1.66251
1.87294
1.58567
2.26488
1.52719
1.48534
1.45318
1.58493
1.65297
1.6134
2.00733
2.30932
2.20218
2.07734
1.94239
2.23887
2.0281
2.06025
1.91381
1.66051
1.25931
1.75625
1.25591
1.23824
1.60079
1.78579
2.10019
2.69607
2.27649
2.00031
1.64164
2.10837
1.34589
2.56595
1.8205
1.4702
1.3247
0.998857
1.10763
2.29755
2.10902
1.66733
2.41651
2.24296
2.28378
2.61584
2.28825
1.63398
1.43345
1.8125
1.28805
1.66266
1.38179
1.53431
1.83863
1.37021
1.84868
2.12773
2.2163
2.37077
1.73858
-1.00253
-1.02085
-1.0053
-0.996994
-0.997576
1.18122
1.86035
0.999346
1.10745
1.8617
1.15334
1.32739
1.00334
1.46343
1.17037
1.21793
1.19797
1.08289
1.00093
0.997314
1.67383
1.27234
1.67992
1.43714
1.51507
1.38286
1.48867
1.5091
1.32941
1.46744
1.15968
1.00023
1.17603
1.48648
1.45605
1.64301
1.39361
1.08827
0.996746
1.20547
1.53605
1.67384
1.47568
1.30482
1.19625
1.4174
1.0956
1.30189
1.42525
1.13424
1.25169
1.3392
1.7489
1.19738
1.20423
1.10592
1.62211
1.37786
1.71904
1.06947
0.997716
1.59423
1.32315
1.72147
1.37137
1.34868
0.999117
1.12873
1.48467
1.09054
1.45638
1.12673
1.18936
1.25824
1.39353
1.2355
1.45805
1.62019
1.315
1.31574
1.71171
1.16757
1.39664
1.13256
1.4562
0.999767
1.22261
1.00472
1.32016
1.88832
1.64329
1.73409
1.18186
1.86446
1.28454
1.29155
1.35849
0.999218
1.12964
0.997846
1.26358
1.0348
1.0038
1.05529
1.87415
1.72302
1.95888
1.46918
1.41234
1.21425
1.08813
1.4167
1.4717
1.13398
1.19191
0.998975
1.18028
1.23581
1.56499
1.75198
1.33255
1.55181
1.40369
1.2375
1.30953
1.50939
1.21096
1.23858
1.29887
1.14117
1.20967
1.05364
1.47591
1.21295
1.35856
1.53532
1.73333
1.67563
1.53159
1.34828
1.36815
1.49618
1.26316
0.998546
1.13204
1.25312
1.23665
1.60675
1.50374
1.41225
0.997929
1.20106
1.53339
1.58778
1.86644
1.20172
1.00269
1.2031
0.997316
1.25061
1.49095
1.22981
1.41623
1.32579
1.64602
1.00171
1.38158
1.23406
1.41408
1.30923
1.60943
1.08061
1.06993
1.76104
1.25388
1.67
1.34746
1.38296
1.37034
1.1344
1.39759
1.08318
0.996456
1.23843
1.30826
1.57618
1.28274
1.16948
1.68423
1.77913
1.49497
1.37602
1.5646
1.00541
0.999691
1.11044
1.62517
1.15042
1.2631
1.00387
1.28409
1.75979
1.83838
1.74883
1.04628
1.58742
1.00164
1.18775
1.50807
1.21378
-0.997138
-0.998633
-1.00285
-0.99986
-0.997359
2.12027
1.55707
1.55321
2.82066
2.10496
1.08942
1.46869
0.99959
1.55496
1.79174
1.13605
1.23643
1.04382
1.29635
1.94359
1.36302
1.15916
1.14502
1.2178
1.88288
1.43406
1.65943
1.03137
1.34456
1.56658
2.25529
1.34462
1.76344
1.31319
1.29374
1.73194
1.8501
1.25808
1.44881
1.1209
1.31063
1.5603
2.13359
1.20141
1.39565
1.29626
1.6709
1.56956
2.09245
1.20306
1.1025
1.7614
0.99706
1.09756
1.58538
1.17725
1.62059
1.69752
1.6086
1.12743
1.89463
1.72855
1.85183
1.16286
1.17724
1.28132
1.55368
1.96388
1.46907
1.05981
1.36797
1.13952
1.81742
1.36631
1.59595
1.11811
1.11952
1.52529
2.05239
1.54385
1.5952
1.00654
1.00422
1.90477
1.9561
1.19861
1.43909
1.00164
1.18644
1.76471
2.19005
1.23436
1.29386
1.64776
1.64524
1.64843
2.39538
1.09658
1.1385
1.59039
0.996976
0.997889
1.56698
1.36443
1.5247
1.57321
1.55622
1.17271
1.82882
1.40113
1.72863
1.3492
1.60658
1.33781
1.69164
1.76212
1.41886
1.30422
1.33101
1.13683
1.78775
1.74118
1.79164
1.11445
1.18782
1.51515
2.00901
1.27964
1.6122
0.99658
0.997411
1.96064
1.83472
1.20631
1.33016
1.07712
1.13414
1.421
2.04375
1.26594
1.58807
1.67726
1.78886
1.42301
2.27878
1.26842
1.30247
1.56532
1.00146
1.33633
1.81695
1.30421
1.61269
1.44963
1.73842
1.06745
1.81533
1.29232
1.73935
1.40911
1.26838
1.24804
1.47456
1.90194
1.29331
0.999353
1.11354
1.16682
2.03222
1.7154
1.76228
0.998013
1.05195
1.68335
2.11279
1.34687
1.56871
1.14914
1.13928
2.02705
2.00478
1.09212
1.42472
1.0181
1.08757
1.32937
2.04094
1.33449
1.50467
1.57354
1.63005
1.5715
2.1359
0.997979
1.00374
1.69486
1.2836
1.28798
1.86142
1.19815
1.48906
1.73883
1.64348
1.09371
1.71905
1.7229
1.80922
1.45446
1.51478
1.72518
-1.00324
-1.59558
-1.89493
-0.997931
-0.997725
0.996694
1.31443
0.996905
1.47862
1.54451
1.42074
0.998732
1.00199
1.3722
1.58495
1.57576
1.37316
1.16892
1.73603
1.46155
1.1577
1.48076
1.02568
1.00316
1.04769
1.15244
1.3647
1.15003
1.56184
1.15323
1.32668
1.50991
1.66348
1.25629
1.38048
1.16298
1.00456
1.03358
1.52011
1.45795
1.18485
1.18688
1.53317
1.45948
1.53714
1.21007
1.26373
1.20583
1.49265
1.39643
1.65201
1.20499
0.99773
1.10426
0.998359
0.996619
1.27359
1.18798
1.48371
1.12705
1.57046
1.21582
1.20155
1.2811
1.26236
1.32814
1.81514
1.45747
0.998294
1.3523
1.32718
1.25506
1.06145
1.05104
1.92923
1.30235
1.74909
1.37922
0.996763
1.49144
1.67909
1.20152
1.32613
1.14549
1.28456
1.07275
1.58942
1.16612
1.23885
1.05253
1.04241
1.01558
1.74921
1.4475
1.26313
1.40612
1.38035
1.24779
1.81506
1.39316
1.00369
1.0005
1.33895
1.26583
1.36739
1.54091
1.14756
1.11238
1.37877
1.16017
1.18143
1.3016
1.49062
1.22674
1.74556
1.34232
1.10902
1.08705
1.00928
1.01915
1.12444
1.29647
1.79613
1.50159
1.55965
1.38413
1.45656
1.63343
1.63975
1.12532
1.64708
1.2123
1.23308
1.22252
1.25757
1.07318
0.994872
0.997721
1.00087
1.07695
1.73803
1.26275
1.24999
1.18438
1.40053
1.12239
1.52112
1.19429
1.03554
1.17684
1.47112
1.3655
1.16713
1.3642
1.47001
1.33266
1.35886
1.13631
1.57502
1.36889
1.53704
1.436
1.41466
1.25522
1.00388
1.16707
1.00088
1.0826
1.34643
1.20202
1.89075
1.24074
1.53096
1.17264
1.00876
1.29472
1.62698
1.40239
1.55327
1.31427
0.99705
1.09776
1.49239
1.39019
1.05384
0.998775
1.47146
1.38543
1.86191
1.6658
1.00001
1.24004
1.39111
1.04909
1.48647
1.1567
1.20807
1.13738
1.39776
1.20601
1.25341
1.16929
1.1246
1.04879
1.45675
1.21659
1.58043
1.59591
1.4751
1.82898
-1.00032
-1.00082
-1.00169
-0.997088
-0.999859
2.20478
1.5535
2.03763
1.86246
1.56172
1.52812
1.10595
1.00179
1.51131
2.18435
1.55712
2.01308
1.73033
1.83804
0.997215
1.62413
1.62936
1.74978
2.07373
1.74116
1.513
1.38282
1.32447
1.54676
1.67394
1.59259
1.45033
2.01158
1.34565
1.54298
1.57225
2.22654
1.91537
1.90342
1.4616
1.59533
2.04673
1.53956
1.40961
1.83314
1.11427
1.75818
1.26427
1.58339
1.57706
2.41885
1.58553
1.89368
1.96645
1.5458
1.35654
1.95986
1.51186
1.05817
1.54035
1.4413
1.20598
1.8388
1.57404
2.04767
2.3428
2.0817
1.19779
2.16395
1.6323
1.46525
1.94312
1.78575
1.49657
1.30435
1.00875
0.99895
1.63693
2.069
1.75581
2.20326
1.64946
1.92878
1.59434
2.08787
1.56519
1.65814
1.30921
1.48113
1.56965
1.07185
1.44277
2.01321
1.78865
2.01454
1.8452
2.11272
1.67104
2.16876
1.50185
1.896
1.78483
1.40838
1.23579
1.31662
1.6364
1.64055
1.93699
1.48606
1.27357
1.99151
1.45705
1.89104
1.94675
1.69374
1.18688
1.91439
1.30895
1.20274
1.85959
1.9575
1.91184
1.56197
1.35836
1.52646
1.91637
2.03984
1.55464
2.33029
1.42056
1.69798
1.07617
1.50778
1.63912
2.02356
1.6585
1.70357
1.79712
1.25855
1.36324
1.78973
1.36109
1.55874
1.70437
1.88884
1.44782
1.90288
1.31895
2.00814
2.32512
1.71622
1.43007
1.93098
1.65833
1.4387
1.7115
1.64209
1.25519
1.9714
1.0152
1.51611
1.8994
2.26686
1.46688
2.16827
1.64154
1.41396
1.87038
1.73566
1.55165
1.41721
1.26104
1.37361
1.39114
1.61229
1.56391
2.44549
2.04452
2.0523
1.64466
2.06902
1.65215
1.80478
1.53826
1.6998
1.63281
1.1296
1.27598
1.12495
1.37381
2.0889
2.108
2.01635
1.54792
2.16088
1.22787
1.88887
1.90402
1.3751
1.34491
1.77635
1.25282
1
1.72588
1.73042
1.7471
2.12503
1.47157
1.89546
2.30899
-0.998725
-0.998142
-1.00475
-0.998692
-0.996464
1.33235
1.51978
0.99836
2.34172
1.29189
1.94146
1.23511
0.998569
1.72578
1.57632
0.997052
1.23463
1.06702
1.33784
1.58773
2.10297
1.29638
1.70096
2.26214
1.38247
1.34848
2.13127
1.69526
1.49547
1.36811
1.06706
1.00306
1.51835
1.28426
1.44608
1.35252
1.0552
1.00176
1.48293
2.00283
1.83132
1.86141
1.48368
1.00638
1.31657
1.09666
1.04791
1.38269
1.38981
1.26696
1.73559
1.26293
1.57905
1.36819
1.72289
2.10226
2.40107
1.54933
1.95406
1.27077
1.00318
1.42417
1.23393
1.0685
1.38994
1.0018
1.25615
1.4601
2.1578
1.70345
2.01912
1.88229
1.32212
1.19654
1.51991
1.46809
1.53811
1.43012
0.996582
1.05843
1.76989
1.46462
2.17527
1.76736
1.71781
1.35854
1.66782
1.50505
1.60496
1.65697
1.0419
1.2067
1.48922
1.08423
1.2091
1.57001
1.5245
1.49734
1.89678
1.17588
1.30793
0.996317
1.14421
2.12772
2.31362
1.59343
1.65081
1.55318
1.15688
1.34728
1.71479
1.46876
1.65347
1.35865
1.54413
1.07172
1.66568
1.3318
1.5428
1.92848
1.32377
1.0151
1.5823
1.4782
1.47652
1.77283
1.37185
1.0186
1.52737
1.00357
1.50527
1.62395
1.43774
1.3529
1.59785
1.91615
1.74902
1.40468
1.54528
1.59481
1.84377
1.39847
1.41353
1.00103
0.997163
1.08892
1.51337
1.11106
1.4384
1.04998
1.15567
1.92897
2.23144
1.94061
1.94362
1.3892
0.997937
1.07946
1.19619
1.16521
1.53257
1.39994
1.46282
1.35608
1.94138
1.44051
2.23307
2.28324
1.97929
1.39349
1.80062
1.00339
1.23079
1.5473
0.999401
1.27508
1.71028
0.99754
1.64404
1.76781
1.50021
1.71636
1.82974
1.67496
1.46788
1.30882
1.0009
1.41815
1.80634
1.43758
1.19792
1.28962
1.13429
1.20489
2.10165
1.57382
1.82238
1.32633
1.45667
1.66525
1.87635
1.63995
1.47094
1.46973
1.05084
0.997097
1.25183
1.30384
1.63297
1.50645
-0.997773
-1.00374
-0.998852
-0.997491
-0.997156
2.55309
1.57864
2.06376
2.27809
1.4555
1.24189
1.31592
0.996708
1.7383
1.94663
1.05599
1.46386
1.55717
1.39832
2.38851
2.2871
2.05604
1.5624
2.01771
1.86964
1.23995
1.95472
1.25074
1.49536
1.51816
2.06177
1.56676
1.7228
1.70448
1.46865
2.53285
1.91565
1.8243
1.75949
1.25924
1.64389
1.79607
1.89067
1.36858
1.76072
1.09497
1.04081
1.89
2.37994
2.20541
1.85159
1.90905
1.00324
1.93534
2.20012
1.73657
2.18697
1.36229
1.727
1.56546
1.54702
1.62494
2.03697
1.61188
1.21837
1.97758
1.58841
2.19938
2.15067
1.65541
1.63631
1.76301
2.17134
1.18845
1.66657
1.33304
1.64963
2.09751
1.63069
1.79888
1.68954
1.35517
1.52635
2.2474
2.14779
1.79781
2.28438
1.22405
1.32765
1.834
1.99597
1.86876
1.51716
1.54501
1.19896
1.67994
2.27972
1.86037
1.86147
1.66148
1.36107
1.49744
1.8113
1.91671
2.34959
1.74488
1.41736
1.69316
1.58034
1.37825
2.16494
1.45535
1.43317
1.73807
1.88547
2.15453
1.81882
1.68732
1.70931
2.25276
1.97068
1.36554
1.51986
1.00982
1.47553
1.83406
1.74615
1.48591
2.05476
1.11355
0.999153
2.44483
2.30216
2.28882
2.03222
1.50945
1.06575
1.6598
2.07606
1.59042
1.81626
1.38113
1.69677
1.53575
1.89769
1.94142
1.98374
2.15028
1.22623
1.98377
1.91222
1.62705
2.18909
1.41643
1.47615
1.34903
1.94629
1.30304
1.70741
1.44994
1.62887
2.28764
1.55545
2.26703
1.63171
1.43191
1.69604
1.96496
2.29588
1.44932
2.0756
1.0101
1.00175
1.75279
1.86654
2.03461
1.89157
1.68327
1.09836
2.33254
2.27121
1.87479
2.06359
1.21159
1.48725
1.50529
1.62541
1.75261
2.05329
1.91709
1.3406
1.73993
2.00939
1.58705
2.07437
1.8931
1.37816
1.87118
2.34279
1.70665
1.93114
1.40322
1.5813
1.85926
1.52258
1.60807
1.71228
1.1916
1.5071
2.38571
-0.999005
-0.997995
-1.00386
-0.998637
-0.996628
1.31167
1.28429
1.00061
1.97509
1.00005
2.11898
0.996702
0.996809
1.43602
1.65503
1.23429
1.43683
1.08218
1.00236
1.00423
1.55858
1.3046
1.35662
1.26326
1.43441
1.44472
2.0763
1.71621
1.09994
1.01887
0.996367
1.00505
1.4536
1.06513
1.46633
1.32365
1.31119
1.40838
1.3247
1.60287
1.46252
1.27394
1.4514
1.47792
1.76407
1.39155
1.00246
1.02019
1.79355
1.35044
2.09528
1.12615
1.48773
1.22332
1.6257
1.50462
1.4918
1.26307
1.31318
1.26854
0.996306
0.997184
1.53364
1.41203
1.55636
1.36258
1.12593
1.20551
1.57323
1.46251
1.13508
1.25754
1.19557
1.3315
1.59513
1.49206
1.70832
1.1377
1.50342
1.01557
1.89677
1.48387
1.62228
1.32427
1.009
0.99806
1.52898
1.25053
1.00235
0.99648
1.38139
1.52143
1.88259
1.57454
0.99516
1.25508
1.84125
1.4836
1.76913
1.26297
1.32807
0.9974
0.996819
1.22663
1.65046
1.36468
1.57621
1.36969
1.72806
1.55663
1.88796
1.39664
1.10748
0.997297
1.21995
0.99904
1.18354
1.09096
1.08964
1.5266
1.38315
1.49543
1.59827
1.71141
1.53676
1.24473
1.00064
1.20689
1.74084
1.17814
1.24124
1.1943
1.35841
1.22089
1.75156
1.27881
1.51063
1.15599
1.83954
1.65085
1.61084
1.26913
1.12679
1.00878
1.01822
1.04951
1.81753
1.43638
1.3607
1.36428
1.17659
1.48257
1.70676
1.52304
1.38464
1.27486
1.41336
1.34007
1.34106
1.07583
1.73038
1.04054
1.63488
1.00064
1.66407
1.39549
1.2795
1.56948
0.99908
1.19358
1.83066
1.44538
1.24761
1.02233
1.03246
1.24196
1.84314
1.49693
1.20427
1.41175
1.48453
1.37295
1.61457
1.37623
1.34598
1.08423
1.18335
1.2899
2.00408
1.47221
1.5143
1.0707
1.71969
1.57929
2.09805
1.36798
1.09828
1.00214
1.29819
1.16938
1.21249
1.09851
1.2986
1.58071
1.59403
1.43068
1.34934
1.2223
1.56558
1.69775
-0.997957
-0.998528
-1.0001
-0.997742
-1.00259
2.41053
2.3074
1.49529
1.75351
0.998637
2.31843
1.31531
0.997283
1.99387
1.84464
2.17738
2.09721
1.63205
1.46049
1.31483
1.99313
1.52201
1.69377
1.896
1.53195
1.78289
1.71959
1.56243
1.36737
1.59432
1.36368
1.76358
1.95387
1.8296
1.7255
1.99515
1.82308
1.58013
2.46668
2.16274
1.75868
1.9182
1.54891
1.24524
1.64772
1.6347
0.998743
1.65879
2.22803
1.94421
2.08808
2.07269
1.75075
1.94488
1.95812
1.74955
1.64024
1.48185
1.22518
1.20987
1.094
1.49337
1.77943
2.38457
2.03978
1.97347
2.38496
2.226
2.12968
1.89657
1.91639
1.4866
1.53424
1.36875
1.14291
1.04489
1.58552
1.63984
1.56332
2.22681
2.48763
2.47609
2.01499
1.95984
1.72891
1.36994
1.9695
1.27521
1.00096
1.28039
1.44138
1.55772
1.72015
1.96258
1.97412
2.62203
2.46773
2.21388
2.21904
1.87947
1.63804
1.32985
1.39543
1.29407
1.87125
1.60468
1.28087
1.94842
1.49344
2.05833
1.91043
2.24359
2.0372
1.80665
1.69601
1.50793
1.41687
1.15786
1.74284
1.74556
1.60114
1.68841
1.99036
1.994
1.73309
2.06013
1.74302
2.01534
2.29953
1.90087
1.33104
1.31506
1.86636
1.43848
2.00912
1.88364
1.46612
1.9244
1.57362
1.44095
1.58509
1.77685
1.28591
1.72985
1.76778
1.69243
2.08562
2.15366
1.52633
1.65898
2.28066
1.99883
1.98907
1.91548
1.50021
1.38953
1.49554
1.60244
1.29804
1.58687
2.17645
1.89155
1.83416
2.02542
2.06268
1.87039
2.02091
1.7505
1.40131
1.41051
1.43557
1.17125
1.15586
1.4577
1.58463
2.26134
2.35246
2.22196
2.27315
2.33696
2.14181
1.7089
2.15319
1.613
1.43138
1.31486
1.00391
1.00127
1.75574
1.80813
1.52454
2.35942
2.25836
2.26062
2.28562
2.01563
1.62492
1.46203
1.68013
1.28723
1.24508
1.22112
1.39427
1.65992
1.59541
1.91605
2.18824
2.68057
2.31224
2.10664
-1.0022
-1.00235
-1.1243
-1.0028
-0.997474
1.1944
1.61997
1.00563
0.997282
2.13354
1.91659
0.998085
1.06819
1.56552
1.37418
1.07982
1.07554
1.02539
0.998549
0.999488
2.00663
1.32413
1.49266
1.64814
1.46522
1.60491
1.43996
1.48854
1.28521
1.33554
1.12578
1.0069
1.31086
1.16074
1.11443
1.64508
1.48004
1.11315
1.04234
1.36481
1.65101
1.64988
1.5533
1.353
1.28661
1.21533
0.997663
1.1472
1.71107
1.30451
1.59441
1.38589
1.50552
1.23003
1.28404
1.3916
1.83654
1.21962
1.54707
1.11094
1.00465
1.4941
1.18633
1.74147
1.41256
1.25126
1.04632
1.19893
1.65132
1.00345
1.26867
1.24592
1.18569
1.53543
1.46462
1.20004
1.69887
1.79207
1.24914
1.53048
1.69802
1.17506
1.24913
1.27516
1.44833
1.03673
1.20988
0.998203
1.11294
1.60059
1.52636
1.94819
1.52996
1.60753
1.16137
1.38523
1.50759
1.12382
1.44396
1.07235
1.04644
0.998636
1.00132
1.14771
2.22119
1.80669
1.69564
1.62877
1.32997
1.46972
1.07598
1.37495
1.41399
1.00428
1.22267
0.999654
1.25976
1.02824
1.12248
1.85566
1.41854
1.63833
1.41677
1.24049
1.44818
1.44071
1.25326
1.22381
1.35458
1.00124
1.00323
1.00343
1.7917
1.42053
1.57959
1.63835
1.65062
1.69052
1.60508
1.55731
1.54996
1.23159
1.10885
0.999783
0.99845
1.1301
1.18621
1.60006
1.46745
1.21894
1.0405
1.37946
1.79994
1.49121
1.60316
1.16621
0.997018
1.43718
1.087
1.14763
1.62187
1.35091
1.53286
1.40535
1.62721
1.06652
1.24761
1.40285
1.46451
1.37049
1.54539
1.01701
0.998409
1.44075
1.02102
1.76993
1.73059
1.2222
1.22156
1.31652
1.5308
1.19252
1.24966
1.30741
1.19391
1.58098
1.39919
1.2308
2.02129
1.72143
1.31293
1.56464
1.4507
1.2091
1.09596
1.20353
1.48992
1.03329
1.31693
1.0681
1.47391
1.50448
1.51876
1.88967
1.1574
1.72425
1.00289
1.19784
1.54949
1.11852
-1.00032
-1.00168
-1.00221
-0.999367
-0.996799
2.21562
1.68328
1.95701
2.70851
2.31043
1.69387
0.998188
0.99959
1.55496
1.79174
1.13605
1.23643
1.04382
1.29635
1.94359
1.36302
1.15916
1.14502
1.2178
1.88288
1.43406
1.65943
1.03137
1.34456
1.56658
2.25529
1.34462
1.76344
1.31319
1.29374
1.73194
1.8501
1.25808
1.44881
1.1209
1.31063
1.5603
2.13359
1.20141
1.39565
1.29626
1.6709
1.56956
2.09245
1.20306
1.1025
1.7614
0.99706
1.09756
1.58538
1.17725
1.62059
1.69752
1.6086
1.12743
1.89463
1.72855
1.85183
1.16286
1.17724
1.28132
1.55368
1.96388
1.46907
1.05981
1.36797
1.13952
1.81742
1.36631
1.59595
1.11811
1.11952
1.52529
2.05239
1.54385
1.5952
1.00654
1.00422
1.90477
1.9561
1.19861
1.43909
1.00164
1.18644
1.76471
2.19005
1.23436
1.29386
1.64776
1.64524
1.64843
2.39538
1.09658
1.1385
1.59039
0.996976
0.997889
1.56698
1.36443
1.5247
1.57321
1.55622
1.17271
1.82882
1.40113
1.72863
1.3492
1.60658
1.33781
1.69164
1.76212
1.41886
1.30422
1.33101
1.13683
1.78775
1.74118
1.79164
1.11445
1.18782
1.51515
2.00901
1.27964
1.6122
0.99658
0.997411
1.96064
1.83472
1.20631
1.33016
1.07712
1.13414
1.421
2.04375
1.26594
1.58807
1.67726
1.78886
1.42301
2.27878
1.26842
1.30247
1.56532
1.00146
1.33633
1.81695
1.30421
1.61269
1.44963
1.73842
1.06745
1.81533
1.29232
1.73935
1.40911
1.26838
1.24804
1.47456
1.90194
1.29331
0.999353
1.11354
1.16682
2.03222
1.7154
1.76228
0.998013
1.05195
1.68335
2.11279
1.34687
1.56871
1.14914
1.13928
2.02705
2.00478
1.09212
1.42472
1.0181
1.08757
1.32937
2.04094
1.33449
1.50467
1.57354
1.63005
1.5715
2.1359
0.997979
1.00374
1.69486
1.2836
1.28798
1.86142
1.19815
1.48906
1.73883
1.64348
1.09371
1.71905
1.7229
1.80922
1.45446
1.51478
1.72518
-1.00324
-1.59558
-1.89493
-0.997931
-0.997725
0.996694
1.31443
0.996905
1.59256
1.12812
1.54175
1.05177
2.51274
1.14205
1.43558
1.62715
1.67846
1.43982
1.49076
1.34317
1.18173
1.42837
1.35611
1.04194
1.06051
1.02585
1.56463
0.996761
1.59746
1.5838
1.27867
1.57086
1.6018
1.321
1.38975
1.06798
0.999184
0.99679
1.2772
1.42509
1.30298
1.25484
1.42007
1.49183
1.89606
1.28579
0.996534
1.61134
1.19515
1.32574
1.70637
1.24275
1.02159
1.40791
1.28241
0.998964
1.06569
1.25258
1.28146
1.47045
1.3619
1.18598
1.05307
1.20022
1.43456
1.41307
1.67461
1.37346
1.29115
1.22131
1.20898
1.35888
1.21658
1.00209
1.4296
1.5277
1.79198
1.4928
1.46454
1.27028
1.64147
1.21946
1.31952
0.997455
1.00471
1.15421
1.22108
1.40435
1.21386
1.35973
1.25706
1.04716
1.53202
1.38664
1.24888
1.60942
1.47119
1.17374
1.69337
1.47592
1.23361
1.30035
0.998019
1.26059
1.37932
1.31541
1.59652
1.24512
1.50042
1.12313
1.18591
1.1399
1.50587
1.66925
1.68465
1.3298
1.07843
1.18554
1.00275
0.999142
1.11996
1.09314
1.60208
1.47348
1.85698
1.43104
1.4223
1.67953
1.874
1.16317
1.19261
1.40885
1.00443
1.1804
1.48416
1.12558
1.11728
1.30414
1.39229
1.00439
1.43622
1.44549
1.0544
1.56165
1.12563
1.2438
1.35001
1.05308
1.00244
1.3073
1.21384
1.43716
1.3655
1.11733
1.46902
1.55529
1.65674
1.1234
1.06265
1.61236
1.55347
1.57563
1.82426
0.998003
0.997147
1.09496
1.0671
1.01146
1.07864
1.2236
1.42789
1.48458
1.71029
1.49887
1.18192
1.26806
1.52323
1.3944
1.54296
1.3641
1.2233
0.999361
1.44599
1.38397
1.29122
1.24484
1.23314
1.41781
1.78256
1.49805
1.44661
1.348
1.27937
1.16109
1.46763
0.997897
1.0656
1.5902
1.33973
1.33481
1.22842
1.15522
1.31687
1.17574
1.4665
1.0775
1.21223
1.58341
1.72124
1.52029
-0.998867
-0.999602
-0.997175
-0.997379
-1.00105
2.54161
1.636
1.48357
2.76507
0.99754
1.15129
1.25061
2.32148
1.29568
2.1117
1.81811
1.78753
1.96274
1.62781
1.02537
1.54439
1.5896
2.00028
2.07831
1.81577
1.43202
1.65759
1.7836
1.64211
2.03839
1.8112
1.53487
1.99645
1.73157
2.13029
1.79521
1.75211
1.30665
1.98194
1.40387
2.02766
2.06979
1.39615
1.2166
1.52433
1.44302
1.81949
1.88867
1.56686
1.36204
2.26031
1.54111
2.29134
2.19969
1.79326
1.34878
1.92458
1.97989
1.48764
1.97613
1.38132
1.21045
1.9666
1.58188
1.97778
2.18761
2.18397
1.16694
2.19181
1.69069
1.82651
1.88086
1.4312
1.26637
1.25213
1.32906
1.167
2.06968
2.02561
1.45982
2.23774
1.82794
2.34822
2.01375
1.99561
1.43061
1.6714
1.51424
1.76327
1.99946
1.22909
1.03012
1.28743
1.58834
2.41158
2.06345
1.95538
1.41039
2.18953
1.48592
1.86673
1.80678
1.24071
1.07872
1.33365
1.7792
1.67546
1.984
1.62542
1.23726
2.21954
1.85988
2.18293
2.18464
1.88045
1.16678
1.86967
1.70342
1.65904
1.77043
1.4126
1.40869
1.55225
1.55033
1.77049
2.08673
1.8347
1.43154
1.89965
1.58349
1.82915
1.7509
1.4834
1.22477
1.96497
1.62605
2.01978
2.1703
1.62112
1.33145
1.6991
1.5788
2.13086
2.15053
1.7918
1.38157
2.08294
1.37224
1.96107
2.06158
1.84988
1.0842
2.07816
1.89955
1.61606
1.90544
1.11473
1.16145
1.84059
1.58091
1.8435
2.17286
2.10606
1.19505
2.18119
1.89634
1.87267
2.07669
1.7296
1.47276
1.33488
1.66945
1.55756
2.02537
1.88149
1.22716
1.88361
1.6755
2.52762
1.95097
2.01439
1.28793
1.93375
1.48596
1.634
1.83916
1.05124
1.00354
1.10463
1.59629
2.32505
2.21076
2.0209
1.43612
2.31487
1.56615
2.16385
2.16083
1.48814
1.34147
1.77036
1.79329
1.342
1.67437
1.07727
1.25783
2.14674
1.8109
2.20163
2.09549
-1.04376
-1.50391
-1.246
-0.996085
-0.99765
1.00133
2.0208
1.06981
2.05189
1.46766
1.69186
0.99727
2.20861
1.53829
1.11728
1.1952
1.3965
1.05405
1.51996
1.60764
1.78199
1.4043
2.08129
2.17147
1.40561
1.10693
1.73444
1.88346
1.63629
1.14858
1.00359
0.997367
0.997193
1.45222
1.88468
1.78442
1.50223
1.42093
1.21057
1.85792
1.87219
1.55412
1.19668
1.00277
1.13476
1.09389
1.34508
1.59861
1.3638
1.32001
1.48204
1.3315
1.38326
1.13994
1.65459
2.07123
1.9165
1.42542
1.78442
1.23886
0.99682
1.65805
1.01391
1.49863
1.72673
1.29255
1.50926
1.00257
1.39593
1.48009
2.04823
1.98527
1.56538
1.3028
1.45023
1.74979
1.39469
1.2611
1.1238
1.32794
1.2117
0.995919
2.184
1.85573
1.67099
1.26773
1.29731
1.54056
1.47736
1.64416
1.16393
1.03051
1.35162
1.42067
1.37462
0.997096
1.23311
1.31161
1.47026
1.34126
1.4837
1.1246
1.33001
2.09299
1.83133
1.52189
1.93055
1.69946
1.13192
1.0817
1.25165
1.631
1.74362
0.999397
1.50599
1.12102
1.19635
1.42818
1.90763
2.29206
1.76333
1.54912
1.35023
1.16543
1.48774
1.38832
1.1911
1.04887
1.2979
1.05093
1.88901
1.83054
1.38948
1.47352
1.32485
1.9212
1.61419
1.15558
1.47797
1.47327
1.40159
1.19799
1.48068
1.12356
1.00258
1.44838
1.44255
1.659
1.77109
1.32381
1.36156
1.50886
1.58059
1.72603
1.82718
1.4033
1.22642
1.28832
1.07068
1.54055
1.4565
1.25906
1.5773
1.4412
1.35349
1.06236
2.23865
2.32683
1.94053
1.31553
1.33216
1.08313
1.04838
1.57957
1.00994
0.998074
1.52464
1.3776
1.85835
1.40793
1.2574
1.48934
1.35429
1.8698
1.79142
1.33132
1.11596
1.32013
1.3662
1.31067
1.6164
1.50041
1.19645
1.00346
1.70766
1.69259
1.83059
1.18686
1.39437
1.65766
1.32566
1.62159
1.80607
1.71379
1.51705
1.54803
0.997253
1.0012
1.42064
1.35443
-1.02354
-0.999408
-0.997595
-0.997213
-0.996837
2.41258
2.03007
1.91965
1.84877
1.1321
1.4108
1.26741
2.45655
1.7383
1.94663
1.05599
1.46386
1.55717
1.39832
2.38851
2.2871
2.05604
1.5624
2.01771
1.86964
1.23995
1.95472
1.25074
1.49536
1.51816
2.06177
1.56676
1.7228
1.70448
1.46865
2.53285
1.91565
1.8243
1.75949
1.25924
1.64389
1.79607
1.89067
1.36858
1.76072
1.09497
1.04081
1.89
2.37994
2.20541
1.85159
1.90905
1.00324
1.93534
2.20012
1.73657
2.18697
1.36229
1.727
1.56546
1.54702
1.62494
2.03697
1.61188
1.21837
1.97758
1.58841
2.19938
2.15067
1.65541
1.63631
1.76301
2.17134
1.18845
1.66657
1.33304
1.64963
2.09751
1.63069
1.79888
1.68954
1.35517
1.52635
2.2474
2.14779
1.79781
2.28438
1.22405
1.32765
1.834
1.99597
1.86876
1.51716
1.54501
1.19896
1.67994
2.27972
1.86037
1.86147
1.66148
1.36107
1.49744
1.8113
1.91671
2.34959
1.74488
1.41736
1.69316
1.58034
1.37825
2.16494
1.45535
1.43317
1.73807
1.88547
2.15453
1.81882
1.68732
1.70931
2.25276
1.97068
1.36554
1.51986
1.00982
1.47553
1.83406
1.74615
1.48591
2.05476
1.11355
0.999153
2.44483
2.30216
2.28882
2.03222
1.50945
1.06575
1.6598
2.07606
1.59042
1.81626
1.38113
1.69677
1.53575
1.89769
1.94142
1.98374
2.15028
1.22623
1.98377
1.91222
1.62705
2.18909
1.41643
1.47615
1.34903
1.94629
1.30304
1.70741
1.44994
1.62887
2.28764
1.55545
2.26703
1.63171
1.43191
1.69604
1.96496
2.29588
1.44932
2.0756
1.0101
1.00175
1.75279
1.86654
2.03461
1.89157
1.68327
1.09836
2.33254
2.27121
1.87479
2.06359
1.21159
1.48725
1.50529
1.62541
1.75261
2.05329
1.91709
1.3406
1.73993
2.00939
1.58705
2.07437
1.8931
1.37816
1.87118
2.34279
1.70665
1.93114
1.40322
1.5813
1.85926
1.52258
1.60807
1.71228
1.1916
1.5071
2.38571
-0.999005
-0.997995
-1.00386
-0.998637
-0.996628
1.31167
1.28429
1.00061
2.23498
0.999267
0.9955
1.00047
2.3232
1.19425
1.44615
1.14214
1.86394
1.51319
1.01145
1.00377
1.5474
1.26347
1.23588
1.82167
1.28798
1.48489
1.56882
1.74696
1.82438
1.46592
1.03446
0.998311
1.19151
1.06559
1.86927
1.75085
1.29285
1.10006
1.27359
1.5552
1.66139
1.65998
1.68917
1.38355
1.66649
1.11049
1.00221
1.36445
1.75258
1.22919
1.53967
1.50923
1.39255
2.10589
1.50147
1.51526
1.50116
1.04475
1.5868
1.53194
1.00178
0.996015
1.5515
1.31325
1.71884
1.47883
1.62152
0.998234
1.54979
1.09916
1.28979
1.5106
1.28845
1.00189
1.10136
1.52108
1.98362
1.72811
1.2691
1.37968
1.73381
1.62445
1.59975
1.68838
1.55719
0.997281
1.00144
1.19985
1.0431
1.54544
1.8461
1.47363
1.60874
1.32286
1.49249
1.53726
1.77812
1.19944
1.45516
1.16292
1.50527
1.35443
0.997657
1.19773
1.59767
1.31611
1.67279
1.94416
1.62852
1.51715
1.35242
1.49377
1.86221
1.51182
1.37546
1.00416
1.06237
0.996704
1.59288
1.83335
1.28295
1.25427
1.68894
1.71969
1.83621
1.49768
1.28568
0.998734
1.63387
0.999191
1.23256
1.42897
1.50332
1.14988
1.12757
1.68538
1.60005
2.11407
1.65852
1.59996
1.62377
0.997459
1.3562
1.37663
1.01898
1.00283
1.65607
1.45554
1.30572
1.44526
1.58424
1.28012
1.65078
1.1878
1.65535
1.59384
1.62204
1.10553
0.998227
1.06874
1.91265
1.65769
1.42787
1.43366
1.40584
1.60377
1.42236
1.77674
1.47403
1.0541
1.35027
1.37351
1.34609
1.6139
1.4893
1.09395
1.59427
1.13604
1.64415
1.56428
1.39386
1.11907
1.12027
1.41176
1.60929
1.51621
1.0408
1.33242
1.84857
1.35425
1.48593
1.73882
1.71148
1.59304
1.51657
1.50636
1.56582
1.52797
1.27657
1.14049
0.99928
1.00226
1.88675
1.8903
1.58121
1.38276
1.46159
1.19244
1.92462
1.70598
-0.99664
-0.999623
-0.99767
-0.998687
-1.00258
2.59447
2.72746
1.69501
1.7388
1.69442
1.2613
0.999249
2.10367
1.64995
1.56312
1.74948
2.19358
1.72996
1.64747
1.41817
2.02394
1.86792
1.7004
1.54314
1.44362
1.56649
1.68754
1.34172
1.72259
1.70843
1.883
2.05349
1.86529
1.76253
2.25318
1.77329
1.80086
1.28548
1.60174
1.64301
1.90395
1.49327
1.16702
1.22139
1.46176
1.56013
1.09555
1.89946
2.30931
2.37161
1.93453
1.71319
1.70725
1.66623
2.15816
1.53057
1.66025
1.35694
1.73198
1.27386
1.37021
1.3629
1.84799
2.08282
2.13705
1.9406
1.62051
1.88558
1.92122
1.40548
1.82096
1.35552
1.42737
1.52928
0.99739
0.996405
1.79912
2.16286
1.51465
1.93106
2.08098
2.00907
2.26642
1.6704
1.78321
1.4094
2.29131
1.44505
1.35805
1.27826
1.57824
1.4117
1.48651
1.69517
1.09726
2.17376
2.4516
1.83734
1.97249
1.42519
1.8256
1.41079
1.54293
1.24739
1.96525
1.9098
1.28955
1.51354
1.49014
1.83114
1.69147
2.0145
2.30462
2.01066
2.2475
1.69936
1.39832
1.04352
2.22118
1.73076
1.39717
1.39325
0.996982
1.36391
2.00814
1.60155
1.47639
1.79143
2.03661
1.87425
1.55908
1.55846
2.03149
1.88861
1.89704
1.42851
1.42164
1.54763
1.61699
1.40479
1.67458
1.7635
1.87128
1.93411
2.05714
1.64928
2.28988
1.80567
1.77032
1.62567
1.46064
1.79278
1.863
1.47615
1.29196
1.29613
1.5028
1.68523
1.00354
1.68923
2.33176
2.46238
1.92455
1.70274
1.64305
1.34898
2.20639
1.53094
1.50084
1.446
1.70966
1.25806
1.41336
1.44681
1.81664
1.9393
2.07374
1.94735
1.55768
1.76988
2.00906
1.41978
1.95323
1.24193
1.51104
1.3321
1.00413
1.00104
1.82578
2.26643
1.40744
2.05502
2.21101
1.98995
2.22621
1.73586
1.83731
1.62801
2.30029
1.47414
1.35181
1.0084
1.70489
1.5855
1.49136
1.51175
1.14481
2.06772
2.55532
1.47587
-0.999012
-1.09938
-0.998291
-0.99555
-0.996839
0.999294
1.9574
1.04412
1.00008
1.8525
0.997336
1.0017
2.28324
1.46371
1.53801
1.22816
1.70992
1.30669
1.02946
0.996638
1.60111
1.4312
1.83052
1.55655
1.36834
1.47992
1.46483
1.53006
1.6467
1.504
0.998132
1.13338
1.00326
1.44054
1.79561
1.72667
1.45308
1.30938
1.12059
1.07229
1.85841
1.82149
1.57752
1.32809
1.07946
1.49198
1.45031
1.46881
1.47573
1.49707
1.55765
1.14376
1.70224
1.33887
0.997062
1.26533
1.14479
1.28485
1.93584
1.27984
0.99685
1.51252
1.41043
1.58857
1.71952
1.30401
1.04938
1.00273
1.09065
1.06269
1.88368
1.43876
1.2389
1.52718
1.44252
1.27987
1.73054
2.02027
1.34409
1.27069
1.25028
1.22523
1.52638
1.27769
1.23857
1.00388
1.24108
1.17691
1.78733
1.94467
1.51784
1.73579
1.11392
1.7001
1.18248
1.3879
1.1922
1.06468
1.46601
1.10773
1.81223
1.27095
0.998558
1.04014
1.60906
1.94346
2.236
1.49423
1.11351
1.27841
1.14164
1.39631
1.72989
1.21019
1.00447
1.14692
1.00824
1.19435
1.90217
1.99327
1.49904
1.69256
1.44905
1.13182
1.53083
1.66018
1.30005
1.31881
1.22501
1.2587
1.68224
1.20456
1.53696
1.58675
1.44437
1.46239
1.78342
1.7844
1.37889
1.46488
0.999404
1.35477
1.47271
1.1694
1.19366
1.26126
1.49714
1.49196
1.84676
1.46782
1.00201
1.03838
1.26589
1.62876
2.2523
1.42398
1.01806
1.35567
1.12003
1.27677
1.92526
1.67774
1.37934
1.0739
1.22706
0.99672
1.51132
1.42859
1.2938
1.19568
1.56568
1.2207
1.5063
1.78881
1.09791
1.63859
1.2459
1.34348
1.4836
1.16323
1.21636
1.18117
1.35593
1.35391
1.89541
1.78797
1.29656
1.10891
1.35451
1.9639
1.73627
1.51934
1.35051
1.07182
1.13482
1.17057
1.78993
1.28048
1.03933
1.12417
0.997181
1.73137
2.05316
1.96797
1.22173
1.52068
1.04934
1.04683
1.55639
1.34993
-1.0031
-0.998652
-0.997378
-0.996401
-0.997566
2.23629
1.77273
2.11081
2.91176
2.11292
1.00009
1.00242
2.39472
1.55496
1.79174
1.13605
1.23643
1.04382
1.29635
1.94359
1.36302
1.15916
1.14502
1.2178
1.88288
1.43406
1.65943
1.03137
1.34456
1.56658
2.25529
1.34462
1.76344
1.31319
1.29374
1.73194
1.8501
1.25808
1.44881
1.1209
1.31063
1.5603
2.13359
1.20141
1.39565
1.29626
1.6709
1.56956
2.09245
1.20306
1.1025
1.7614
0.99706
1.09756
1.58538
1.17725
1.62059
1.69752
1.6086
1.12743
1.89463
1.72855
1.85183
1.16286
1.17724
1.28132
1.55368
1.96388
1.46907
1.05981
1.36797
1.13952
1.81742
1.36631
1.59595
1.11811
1.11952
1.52529
2.05239
1.54385
1.5952
1.00654
1.00422
1.90477
1.9561
1.19861
1.43909
1.00164
1.18644
1.76471
2.19005
1.23436
1.29386
1.64776
1.64524
1.64843
2.39538
1.09658
1.1385
1.59039
0.996976
0.997889
1.56698
1.36443
1.5247
1.57321
1.55622
1.17271
1.82882
1.40113
1.72863
1.3492
1.60658
1.33781
1.69164
1.76212
1.41886
1.30422
1.33101
1.13683
1.78775
1.74118
1.79164
1.11445
1.18782
1.51515
2.00901
1.27964
1.6122
0.99658
0.997411
1.96064
1.83472
1.20631
1.33016
1.07712
1.13414
1.421
2.04375
1.26594
1.58807
1.67726
1.78886
1.42301
2.27878
1.26842
1.30247
1.56532
1.00146
1.33633
1.81695
1.30421
1.61269
1.44963
1.73842
1.06745
1.81533
1.29232
1.73935
1.40911
1.26838
1.24804
1.47456
1.90194
1.29331
0.999353
1.11354
1.16682
2.03222
1.7154
1.76228
0.998013
1.05195
1.68335
2.11279
1.34687
1.56871
1.14914
1.13928
2.02705
2.00478
1.09212
1.42472
1.0181
1.08757
1.32937
2.04094
1.33449
1.50467
1.57354
1.63005
1.5715
2.1359
0.997979
1.00374
1.69486
1.2836
1.28798
1.86142
1.19815
1.48906
1.73883
1.64348
1.09371
1.71905
1.7229
1.80922
1.45446
1.51478
1.72518
-1.00324
-1.59558
-1.89493
-0.997931
-0.997725
0.996694
1.31443
0.996905
1.47862
1.4451
1.02014
2.41311
2.39905
1.33275
1.35306
1.26237
1.40579
1.14598
1.44597
1.39324
1.18054
1.28442
1.19042
1.06019
1.21229
1.193
1.34521
1.00132
1.44446
1.05564
1.21123
1.46534
1.60225
1.15717
1.33158
1.03027
0.997234
1.01249
1.37084
1.10423
1.14241
1.20837
1.25942
1.26384
1.74833
1.10331
1.1439
1.10011
1.20632
1.34403
1.51985
1.19263
1.09993
1.11858
1.00387
1.00338
1.26753
1.0002
1.2697
1.05368
1.29739
1.20089
0.99866
0.995761
1.17037
1.28618
1.70913
1.37371
1.1403
1.08005
1.19228
1.11876
0.997846
1.06279
1.51612
1.13124
1.58497
1.37244
1.12221
1.33464
1.7846
1.03365
1.37288
1.02618
0.997322
1.11548
1.25363
1.00872
1.00957
1.03156
0.999015
0.997776
1.71944
1.31185
1.35363
1.24247
1.40018
1.21065
1.62815
1.21309
1.0015
1.004
0.999178
1.15286
1.29006
1.35412
1.36956
1.1053
1.63246
1.19715
1.08117
1.06613
1.29638
1.15413
1.49999
1.33116
1.10971
0.998712
0.999205
0.997917
1.00389
1.24823
1.5797
1.18544
1.57376
1.3897
1.35635
1.457
1.74249
0.997446
1.44623
1.08549
1.00333
1.12616
1.23572
0.996951
1.17342
1.00226
1.09036
1.14836
1.65695
1.1228
1.04584
1.08625
1.0416
1.14692
1.32427
1.00247
1.01551
1.21442
1.32123
1.18535
1.30526
1.10845
1.42014
1.13576
1.47033
1.15525
1.24032
1.20585
1.33796
1.39883
1.37756
1.26417
1.18475
0.998688
1.05924
1.05555
1.06698
1.20802
1.43238
1.14432
1.36894
1.1083
1.00267
1.21997
1.54903
1.2384
1.66177
1.16979
1.00628
0.999483
1.27181
1.08915
1.0341
0.997141
1.19365
1.2452
1.82969
1.5578
1.20447
1.1361
1.41922
1.14492
1.44457
0.991775
1.06959
1.11074
1.15222
1.13162
1.25697
1.03958
1.2221
1.00301
1.43318
1.141
1.3224
1.26944
1.4909
1.40944
-1.00283
-1.00233
-0.999033
-0.995733
-0.99634
2.38093
1.75146
2.01064
1.9042
1.17369
1.00221
3.07722
1.92105
1.68201
2.26413
1.4339
1.68644
1.90396
1.66132
1.00262
1.56273
1.9703
1.77871
2.40536
1.84023
1.64436
1.54898
1.21554
1.69539
1.91309
1.73347
1.59743
2.07744
1.34336
1.80076
1.77745
2.39521
1.73622
1.8928
1.6747
1.74564
2.4243
1.18922
1.47771
1.66563
1.17609
1.81466
1.53298
1.33709
1.94326
2.57574
1.67227
2.21305
2.18728
1.45194
1.32314
2.02628
1.52723
1.42261
1.88769
1.16253
1.25241
1.88444
1.51909
2.57116
2.38503
1.89594
1.67578
2.14988
1.99138
1.67148
2.00955
1.29568
1.52359
1.32309
0.996999
1.00342
2.11214
1.9708
1.76808
2.42474
1.68277
2.06966
1.89532
2.10112
1.48322
1.79019
1.30726
1.51992
1.70494
1.05128
1.40668
2.18342
1.61699
2.07124
2.24543
1.72039
1.91908
2.29489
1.30919
1.70187
1.88817
1.24608
1.22602
1.29889
1.99633
1.52958
2.2532
1.65423
1.38448
2.17084
1.50559
2.24107
2.14634
1.78303
1.30169
1.95381
1.18095
1.33565
2.00463
2.1069
1.75984
1.49741
1.63435
1.51384
2.22083
1.80525
1.58033
2.00721
1.35443
1.82523
1.37539
1.38852
1.97178
2.24362
1.80662
1.98473
2.10116
1.12901
1.33026
1.92913
1.45161
2.02401
1.89609
1.55764
1.44605
1.89682
1.36629
2.42866
2.40194
1.57037
1.86609
2.00766
2.02958
1.40953
1.94256
1.01778
1.31889
1.93941
1.1481
1.60278
2.46333
2.04976
1.48654
2.31022
1.62603
1.60982
1.93656
1.70546
1.50389
1.49688
1.37818
1.34168
1.61401
1.62208
1.46555
2.71106
1.85934
2.15354
2.17889
1.72993
1.95437
2.01821
1.23123
1.52977
1.82923
1.00081
1.22638
1.135
1.7542
2.13414
2.30823
2.08769
1.6655
2.28163
1.36718
2.16664
2.02321
1.41983
1.51153
1.83193
1.26986
1.25389
1.89316
1.83789
1.48902
2.06837
1.7729
2.036
2.32435
-1.00338
-1.03679
-1.00214
-1.00248
-1.00151
1.18551
1.56884
1.21305
2.17067
1.03098
1.16888
2.50195
2.07003
1.27913
1.16652
1.00024
1.19218
1.04593
1.27631
1.58329
1.70944
1.00212
1.25171
1.96458
1.35767
1.09078
1.74523
1.67142
1.40286
1.18817
0.996203
1.00272
1.002
1.30598
1.66686
1.19389
1.16216
0.997945
1.20548
1.62993
1.57391
1.55311
1.00287
1.00074
1.06038
1.00231
1.11166
1.34287
1.55453
1.00394
1.25678
1.26278
1.29232
1.28742
1.57443
2.01219
1.87055
1.41253
1.50035
1.26266
1.03841
1.29344
1.00555
1.05269
1.25841
1.08343
1.33094
1.01449
1.34849
1.1253
1.71692
1.63369
1.46916
1.17029
1.40121
1.50036
1.43753
1.21369
0.997244
0.99867
1.3154
1.07891
1.94827
1.58276
1.48037
1.34693
1.22115
1.45721
1.42881
1.60027
1.19751
1.09128
1.07009
1.03684
1.05784
1.12516
1.20281
1.02902
1.48789
1.00893
1.33148
1.08876
1.11755
2.10799
1.9078
1.22363
1.24881
1.49866
1.16721
1.04176
1.3259
1.45948
1.51311
1.23935
1.37803
1.11951
1.14356
1.36509
1.6253
1.87539
1.47673
1.03715
1.35284
1.17676
1.16763
1.40622
1.01316
1.00307
1.18367
0.998209
1.62345
1.52244
1.51612
1.05988
1.00769
1.9313
1.48603
1.24799
1.53366
1.39288
1.336
1.27625
1.17531
0.997187
0.997248
1.08895
1.46447
1.05034
1.33265
1.16575
1.19894
1.53181
1.56207
1.38621
1.48879
1.29815
1.1678
1.01576
1.06843
1.14385
1.45145
1.22131
1.24876
1.27169
1.41244
1.09785
1.90895
2.14414
1.77701
1.30521
1.23821
0.999999
0.997759
1.3936
1.00207
1.06579
1.33826
1.00109
1.52507
1.19802
1.13958
1.18449
1.43893
1.62769
1.65895
1.29591
0.995868
1.3776
1.38559
1.10716
1.04137
1.18869
1.19899
0.997945
1.72937
1.46478
1.64942
1.33333
1.29447
1.69534
1.37969
1.54595
1.57281
1.47943
1.22337
1.00375
1.00008
0.997827
1.17122
1.25771
-0.999342
-0.998483
-0.999044
-0.997745
-1.00149
2.2156
1.7337
1.65361
1.96422
0.999332
0.995499
2.8101
2.45655
1.7383
1.94663
1.05599
1.46386
1.55717
1.39832
2.38851
2.2871
2.05604
1.5624
2.01771
1.86964
1.23995
1.95472
1.25074
1.49536
1.51816
2.06177
1.56676
1.7228
1.70448
1.46865
2.53285
1.91565
1.8243
1.75949
1.25924
1.64389
1.79607
1.89067
1.36858
1.76072
1.09497
1.04081
1.89
2.37994
2.20541
1.85159
1.90905
1.00324
1.93534
2.20012
1.73657
2.18697
1.36229
1.727
1.56546
1.54702
1.62494
2.03697
1.61188
1.21837
1.97758
1.58841
2.19938
2.15067
1.65541
1.63631
1.76301
2.17134
1.18845
1.66657
1.33304
1.64963
2.09751
1.63069
1.79888
1.68954
1.35517
1.52635
2.2474
2.14779
1.79781
2.28438
1.22405
1.32765
1.834
1.99597
1.86876
1.51716
1.54501
1.19896
1.67994
2.27972
1.86037
1.86147
1.66148
1.36107
1.49744
1.8113
1.91671
2.34959
1.74488
1.41736
1.69316
1.58034
1.37825
2.16494
1.45535
1.43317
1.73807
1.88547
2.15453
1.81882
1.68732
1.70931
2.25276
1.97068
1.36554
1.51986
1.00982
1.47553
1.83406
1.74615
1.48591
2.05476
1.11355
0.999153
2.44483
2.30216
2.28882
2.03222
1.50945
1.06575
1.6598
2.07606
1.59042
1.81626
1.38113
1.69677
1.53575
1.89769
1.94142
1.98374
2.15028
1.22623
1.98377
1.91222
1.62705
2.18909
1.41643
1.47615
1.34903
1.94629
1.30304
1.70741
1.44994
1.62887
2.28764
1.55545
2.26703
1.63171
1.43191
1.69604
1.96496
2.29588
1.44932
2.0756
1.0101
1.00175
1.75279
1.86654
2.03461
1.89157
1.68327
1.09836
2.33254
2.27121
1.87479
2.06359
1.21159
1.48725
1.50529
1.62541
1.75261
2.05329
1.91709
1.3406
1.73993
2.00939
1.58705
2.07437
1.8931
1.37816
1.87118
2.34279
1.70665
1.93114
1.40322
1.5813
1.85926
1.52258
1.60807
1.71228
1.1916
1.5071
2.38571
-0.999005
-0.997995
-1.00386
-0.998637
-0.996628
1.31167
1.28429
1.00061
1.97509
1.09317
2.18671
2.71295
2.32096
1.52883
1.45906
1.35489
1.63834
1.25021
0.998261
0.997956
1.61586
1.10338
1.52542
1.62091
1.27404
1.43565
1.58107
1.78457
1.46784
1.17551
1.07403
1.00425
1.0149
0.998273
1.54058
1.71361
1.55823
1.42863
1.28387
1.70857
1.59064
1.48668
1.66382
1.38924
1.52049
1.24831
0.995795
1.13309
1.83959
1.55897
1.85924
1.4147
1.45946
1.51009
1.49482
1.3954
1.44469
1.02956
1.38679
1.36167
0.996768
0.999334
1.34901
1.71525
1.97228
1.38957
1.60324
1.2192
1.4133
1.33814
1.3512
1.52189
1.01173
1.36364
1.15878
1.54017
1.89443
1.24705
1.55075
1.25513
1.57084
1.41769
1.48453
1.47798
1.13273
1.08751
1.10264
1.2466
0.996638
1.21305
1.62501
1.7466
1.93734
1.43645
1.34113
1.58235
1.69837
1.63095
1.51361
1.43159
1.34099
0.99972
1.00411
1.19651
1.80575
1.17596
1.83762
1.78314
1.67982
1.56351
1.39103
1.4833
1.52177
1.10688
1.35175
1.12833
0.997084
1.00281
1.38948
1.84207
1.58719
1.38268
1.60479
1.84522
1.66141
1.52169
1.28858
1.04382
1.42534
1.03801
1.22751
1.20983
1.48377
1.34018
1.51598
1.59726
1.59587
1.54855
1.63267
1.4795
1.46474
1.03336
1.16181
1.10515
1.00327
1.13558
1.57724
1.8256
1.73825
1.31286
1.53051
1.43449
1.64114
1.4612
1.68891
1.59065
1.35422
1.47336
0.998988
1.04832
1.91375
1.2888
1.74682
1.3218
1.28631
1.27356
1.28277
1.68814
1.12316
1.14695
1.35629
1.45065
1.28476
1.29428
1.23195
1.51421
1.77256
1.37086
1.60732
1.60129
1.29321
1.49584
1.27917
1.61723
1.39098
1.18377
1.09802
1.21764
1.95123
1.21634
1.58946
1.47131
1.77143
1.7242
1.60987
1.48105
1.28149
1.01963
1.26838
1.18283
1.00239
1.04227
1.56393
1.92579
1.78155
1.35315
1.36272
1.37621
1.78376
1.67
-1.00367
-0.999349
-0.999868
-0.99639
-0.996672
2.577
2.53496
1.35426
1.46961
1.17114
2.48052
2.82563
2.0517
1.84301
1.50875
1.6918
1.86364
1.93299
1.59208
1.50986
1.8933
1.05176
1.73331
1.64912
1.54341
1.77499
1.95785
1.30371
1.49991
2.06884
1.56734
1.85478
1.75215
1.59688
1.85739
1.92438
1.54492
1.07486
2.15821
1.58121
1.88128
1.88848
1.3326
1.29426
1.29226
1.39337
1.00436
2.10652
2.17543
1.8643
1.73952
1.22645
1.90157
2.06988
2.25289
1.64844
1.50895
1.194
1.40666
1.45803
1.21305
1.55302
1.49956
1.66958
1.92398
2.01154
2.09733
2.03736
2.11316
1.33349
1.87705
1.67019
1.20509
1.39484
1.0033
1.00256
1.54526
1.9745
1.40737
1.82616
2.32678
2.04808
2.24024
2.23676
1.73044
1.4114
1.92306
1.05567
1.09178
1.69483
1.15608
1.16641
1.32872
1.08666
1.66488
2.66584
2.504
2.08946
1.91149
1.46384
1.44758
1.65519
1.48803
1.36971
1.82551
1.13924
1.21166
1.54123
1.54567
2.06293
2.0198
1.93105
2.11328
2.2667
1.85451
1.57283
1.20171
1.00103
1.8226
1.67598
1.21629
1.10915
1.63874
1.46085
1.89805
2.07225
1.48101
1.98978
1.86043
1.71031
1.47437
1.82754
1.83144
1.29436
1.78304
0.997304
1.60767
2.05807
1.78337
1.46236
1.53139
1.56227
1.47273
2.09234
1.85938
1.77391
1.94475
1.51263
1.496
1.6347
2.0323
1.81033
1.98606
1.37921
1.40497
1.55442
1.22126
1.56153
1.07286
1.48375
2.27236
2.17233
1.7526
1.54742
1.91719
1.45479
2.2719
2.03735
1.42068
1.51003
1.47186
1.03846
1.11351
1.84336
1.29703
1.81953
1.918
1.44138
2.08094
2.36176
2.11336
1.54379
1.94253
1.06548
1.25236
1.61795
0.997739
1.10618
1.6413
1.51974
1.35528
2.1752
2.28657
2.23597
2.34194
1.70706
1.69683
1.79853
1.87388
1.31997
1.20383
1.01496
1.33466
1.54162
1.26057
1.32364
1.76559
2.11291
2.50151
1.89789
-1.06767
-1.14884
-1.37193
-1.19312
-1.00291
1.07437
1.69659
0.998014
1.00228
1.90375
2.11364
2.70695
2.2443
1.85423
1.16318
1.06718
1.43816
1.00237
0.998254
1.00415
1.63251
1.13894
1.59804
1.62417
1.43733
1.68795
1.36095
1.34622
1.4178
1.2903
1.09572
1.00441
0.997972
1.2004
1.43433
1.7998
1.59214
1.20722
1.28495
1.31954
1.64774
1.93337
1.66066
1.39069
0.997434
1.18001
1.24953
1.22202
1.80033
1.30137
1.50087
1.38293
1.59819
1.30798
1.09711
1.39056
1.50782
1.14292
1.71571
1.15339
0.997273
1.54531
1.15971
1.64315
1.68926
1.19607
1.44323
1.43465
0.998529
1.04156
1.44237
1.35259
1.29487
1.46303
1.37016
1.04019
1.76346
1.74256
1.35539
1.62644
1.25924
1.13045
1.24606
1.31046
1.49523
1.1345
1.00249
0.998273
1.34317
1.6899
1.61721
1.98213
1.40548
1.28328
1.55358
1.58986
1.22611
1.48218
1.25585
0.998439
1.49243
0.997647
0.999104
1.1883
1.77471
1.58668
1.97815
1.58857
1.26803
1.51632
1.00373
1.20465
1.53868
0.998821
1.0029
1.00282
0.997889
1.00177
1.58062
1.87967
1.62016
1.53878
1.52658
1.18333
1.40851
1.74485
1.33062
1.28776
1.03565
0.99709
1.24203
1.14025
1.83525
1.41688
1.45464
1.53052
1.63131
1.7469
1.51811
1.6023
1.29716
1.16959
1.30906
0.998248
1.11355
1.27109
1.24522
1.56218
1.79347
1.33629
1.45635
1.60366
1.27078
1.55021
1.83584
1.36734
1.17216
1.3502
0.998276
1.00083
1.83339
1.40239
1.48489
1.59061
1.21308
0.998158
1.29855
1.43154
1.50154
1.43168
1.30415
0.999391
1.13536
1.45458
1.1429
1.86175
1.48609
1.00151
1.62999
1.53131
1.19804
1.47375
1.12483
1.18434
1.60953
1.54263
1.44934
1.2246
1.5438
1.50331
1.52467
1.61104
1.51511
1.28175
1.0172
1.01444
1.64736
1.06041
1.10904
1.14427
1.07385
1.47312
1.81419
1.8946
1.40352
1.52118
1.12996
1.16779
1.33887
1.29802
-0.998872
-1.00179
-1.00697
-0.995952
-0.996277
2.25583
1.77179
1.81725
2.73695
2.15326
2.25514
2.41396
2.39472
1.55496
1.79174
1.13605
1.23643
1.04382
1.29635
1.94359
1.36302
1.15916
1.14502
1.2178
1.88288
1.43406
1.65943
1.03137
1.34456
1.56658
2.25529
1.34462
1.76344
1.31319
1.29374
1.73194
1.8501
1.25808
1.44881
1.1209
1.31063
1.5603
2.13359
1.20141
1.39565
1.29626
1.6709
1.56956
2.09245
1.20306
1.1025
1.7614
0.99706
1.09756
1.58538
1.17725
1.62059
1.69752
1.6086
1.12743
1.89463
1.72855
1.85183
1.16286
1.17724
1.28132
1.55368
1.96388
1.46907
1.05981
1.36797
1.13952
1.81742
1.36631
1.59595
1.11811
1.11952
1.52529
2.05239
1.54385
1.5952
1.00654
1.00422
1.90477
1.9561
1.19861
1.43909
1.00164
1.18644
1.76471
2.19005
1.23436
1.29386
1.64776
1.64524
1.64843
2.39538
1.09658
1.1385
1.59039
0.996976
0.997889
1.56698
1.36443
1.5247
1.57321
1.55622
1.17271
1.82882
1.40113
1.72863
1.3492
1.60658
1.33781
1.69164
1.76212
1.41886
1.30422
1.33101
1.13683
1.78775
1.74118
1.79164
1.11445
1.18782
1.51515
2.00901
1.27964
1.6122
0.99658
0.997411
1.96064
1.83472
1.20631
1.33016
1.07712
1.13414
1.421
2.04375
1.26594
1.58807
1.67726
1.78886
1.42301
2.27878
1.26842
1.30247
1.56532
1.00146
1.33633
1.81695
1.30421
1.61269
1.44963
1.73842
1.06745
1.81533
1.29232
1.73935
1.40911
1.26838
1.24804
1.47456
1.90194
1.29331
0.999353
1.11354
1.16682
2.03222
1.7154
1.76228
0.998013
1.05195
1.68335
2.11279
1.34687
1.56871
1.14914
1.13928
2.02705
2.00478
1.09212
1.42472
1.0181
1.08757
1.32937
2.04094
1.33449
1.50467
1.57354
1.63005
1.5715
2.1359
0.997979
1.00374
1.69486
1.2836
1.28798
1.86142
1.19815
1.48906
1.73883
1.64348
1.09371
1.71905
1.7229
1.80922
1.45446
1.51478
1.72518
-1.00324
-1.59558
-1.89493
-0.997931
-0.997725
