1.24452
1.34955
1.16197
2.33283
2.18236
1.00226
1.00303
1.00015
1.51424
1.00423
1.33221
1.01015
0.999771
1.00072
0.995031
0.998528
1.01896
1.00344
1.15485
1.0793
1.39431
1.45626
1.33634
1.45574
1.0022
1.07925
1.22721
1.03623
1.55541
1.71088
1.40824
1.24199
1.20331
1.67399
1.22392
1.57845
1.23647
1.14529
0.997048
1.003
1.14031
1.34386
1.21167
0.997281
1.42245
1.49341
1.64197
1.41471
1.21701
1.08133
1.06631
1.04797
1.38484
1.81823
1.586
1.17101
1.35649
1.33273
1.39705
1.62269
1.27414
1.20559
1.00298
1.10958
0.996398
1.10455
1.01215
1.18041
1.6187
1.39845
1.42693
1.42976
1.37926
1.24356
1.1061
1.16598
1.60694
1.87615
1.37667
1.26928
1.23314
1.3656
1.30692
1.35772
1.10995
1.03096
1.16992
1.00946
1.3944
1.202
1.1234
1.27474
1.44521
1.38102
1.8184
1.61233
1.17926
1.11159
1.11926
1.3219
1.28052
1.63322
1.43995
1.1404
1.31076
1.30601
1.42218
1.45674
1.26057
1.16157
1.11839
1.00201
1.09661
1.1098
1.08962
1.116
1.61154
1.56303
1.37742
1.4005
1.23527
1.19728
1.06081
1.17421
1.62542
1.76675
1.51325
1.07797
1.31154
1.43877
1.13222
1.22935
1.25546
1.06939
1.15991
1.0382
1.17121
1.07844
1.07405
1.05991
1.59057
1.55181
1.57983
1.34238
1.14064
1.02296
1.07006
1.14489
1.33309
1.46613
1.40533
1.00134
1.06122
1.25972
1.34588
1.39654
1.38164
1.20266
1.25697
1.00761
1.07347
1.17816
1.08002
1.18213
1.68569
1.66399
1.49055
1.30361
1.16655
1.34483
1.0636
1.17452
1.65514
1.84292
1.40934
1.17324
1.26489
1.63908
1.34551
1.21729
1.31263
1.21516
1.19741
1
1.23593
1.29875
1.08981
1.09267
1.51028
1.43047
1.61019
1.41756
1.1108
1.14835
1.01099
1.3502
1.5147
1.84845
1.46036
1.29424
1.20696
1.31519
1.43254
1.34217
1.21891
-1.0016
-1.00336
-0.998415
-0.997998
-0.998022
1.39888
1.48882
1.37129
1.77472
1.83291
0.999839
1.06718
1.00418
1.16192
1.00074
0.99952
1.42138
1.3439
1.50025
0.998146
1.34116
0.997882
1.08202
1.23546
1.26635
1.1807
0.998386
1.00107
1.17401
0.997707
1.23814
1.78678
1.56896
1.17605
1.56537
1.22467
0.99627
0.997782
1.00453
1.00342
1.04159
1.23817
0.999887
1.20691
1.13918
0.998127
1.16154
1.87568
1.65852
1.87587
1.75441
1.47269
1.80803
1.33981
1.51227
1.87941
1.58551
1.54685
1.43717
1.83504
1.46108
1.00263
1.01745
1.48639
1.68819
1.99801
1.84162
1.29322
1.61975
1.61514
1.35745
1.41892
1.61331
1.09911
1.12466
1.26127
1.62523
1.46298
1.50171
1.76919
1.45699
1.40775
1.39284
1.12356
1.1581
1.10599
1.23254
1.34553
1.26156
0.99789
1.098
0.996747
1.09933
1.42247
1.37813
1.51159
1.22631
1.29318
1.30624
1.33219
1.01159
0.996023
1.16658
1.54974
1.53741
1.46731
1.34211
1.16567
0.996245
1.19392
1.15829
1.40354
1.2625
1.17323
1.08997
1.10099
1.05195
1.38878
1.60813
1.51202
1.00267
1.047
1.4144
1.62894
1.41138
1.00308
1.25549
1.48091
1.54943
1.3561
1.64369
1.2158
1.00649
1.21137
1.40029
1.31619
1.28576
1.21289
1.0554
0.997414
1.04877
1.3744
1.47812
1.59544
1.31424
1.00172
1.18886
1.37547
1.26301
1.04152
1.20035
1.71123
1.73785
1.57254
1.58556
1.2936
0.996021
1.21396
1.35526
1.25915
1.30694
1.25588
1.14896
1.19208
1.19398
1.28126
1.49001
1.45486
1.14891
1.18684
1.31102
1.25597
1.2144
1.02033
0.997858
1.68468
1.48778
1.29342
1.37499
1.14253
1.25913
1.26727
1.23431
1.31307
1.39339
1.10689
1.05351
1.04485
0.998663
1.17972
1.49531
1.41378
1.21838
0.997052
1.0906
1.08533
1.05115
1.01034
1.04706
1.6889
1.50725
1.48468
1.56338
1.19834
1.21628
1.18861
1.23589
1.37463
1.30013
1.17921
-0.998453
-1.00002
-0.999098
-1.00143
-1.00132
1.00159
0.997406
1.67675
2.24447
2.33493
1.00029
1.03448
1.00186
1.00413
0.998301
1.16044
1.02041
1.00007
1.14646
0.999177
0.998652
1.09275
1.33475
1.35789
1.55452
1.25012
1.2194
1.27319
1.43972
1.3018
1.00332
1.075
1.03727
0.996465
0.997685
0.998324
0.997729
1.08772
1.1003
1.00073
1.17667
1.37078
0.999134
1.29196
0.997312
0.99639
1.00156
1.15377
1.30221
1.10926
1.00427
0.997076
1.11213
1.00313
1.13337
0.998766
1.39052
1.20971
1.32023
0.996433
1.20407
0.997746
1.00452
0.995434
0.996639
1.2788
1.17923
1.25209
1.3537
1.31568
1.39702
1.51814
1.26797
1.17272
1.0032
1.51995
1.09585
1.41961
1.56242
1.13607
0.99722
0.997426
1.24037
1.29797
1.20238
1.12004
0.998879
1.00071
1.17425
1.03144
1.05917
1.32538
1.60481
1.4365
1.31457
1.38967
1.48879
1.33464
1.30647
0.99657
0.998869
1.00121
0.996107
1.13238
1.09833
1.14979
1.08529
1.15844
1.09751
1.20013
0.997601
1.32103
1.43544
1.41548
1.17391
1.45462
1.27379
1.1765
1.1415
0.996208
1.00278
1.02337
1.12559
1.43993
1.52031
1.46696
1.0023
1.40114
1.19131
1.16641
1.23266
1.13116
1.32885
1.09305
1.05305
1.34034
1.27036
1.07
0.998053
0.996746
0.996713
1.35341
1.56783
1.50034
1.33647
1.09954
1.29705
0.996435
1.04884
0.996852
1.12316
1.32901
1.27519
1.22385
1.17847
1.15879
1.13416
1.21553
1.23122
1.49128
1.41009
1.02492
1.10997
1.64139
1.31115
1.29173
1.40891
1.20041
1.44474
1.03413
0.997569
1.06807
1.27767
1.38561
1.19296
1.00384
1.08982
1.29831
1.22956
1.00205
1.13011
1.32113
0.997014
1.18762
1.36628
1.44327
1.24971
1.53542
1.18166
1.3431
1.29364
1.49832
1.53588
1.24063
1.36105
1.21766
1.00374
1.06817
1.11502
1.00213
0.999126
0.995733
1.11666
1.22292
1.00359
1.19262
1.32819
1.57457
1.3543
1.05038
-0.9986
-1.00073
-0.99928
-1.00021
-0.998659
1.28074
1.06521
1.28353
1.93058
1.63247
1.00132
1.14491
1.0021
1.27516
1.00061
1.04315
1.04808
1.33834
1.17014
1.05685
1.57264
0.998374
1.00206
1.28222
1.20049
1.22791
1.05145
1.14993
1.52195
1.70806
1.54238
1.40939
1.06189
1.28062
1.09246
1.00411
1.07886
1.56381
1.17033
1.39949
0.999105
1.04978
1.00229
0.996051
1.00205
0.99838
1.00325
1.00164
1.0362
0.997687
0.998383
1.00174
1.12446
1.40378
1.07866
1.49498
1.07771
1.26924
1.23216
1.22387
1.04138
1.19799
1.14138
1.1366
1.07019
1.10439
1.2044
1.02035
1.11946
1.22419
1.2337
1.34669
1.00321
0.997397
1.06792
1.11779
1.00185
1.23892
1.19617
1.37478
0.999897
1.19819
1.15215
1.13129
1.11005
1.52875
1.16965
1.16614
1.00292
1.06149
0.998814
1.04994
1.1023
1.01634
1.22812
1.18088
1.2852
1.23229
0.99751
1.27515
1.18974
1.36663
1.1403
1.50584
0.99905
0.998703
1.0498
1.20116
1.03116
1.17861
1.26843
1.19883
1.08591
1.08797
0.997792
0.996734
1.00503
1.24377
1.07449
1.10409
1.00007
1.00363
1.09621
1.00263
1.19902
1.2192
1.23539
1.44702
1.08541
1.11862
1.24451
1.15501
1.15669
1.47858
1.33017
1.26461
1.0523
1.00171
1.00243
1.06395
1.08512
1.10542
1.00663
1.13463
1.13393
1.10536
1.10089
1.06162
0.997948
1.47406
1.12678
1.45577
1.11695
1.25253
1.33533
1.21389
1.27105
1.30864
1.27711
1.20324
1.17255
1.09191
1.09841
1.0625
1.13904
1.2489
1.2016
1.34646
1.17385
0.997012
1.0143
1.13686
0.997292
1.09673
1.09661
1.05987
1.00193
1.05341
1.06607
1.30888
1.08175
1.29541
1.12158
1.35286
1.02052
1.09879
1.04398
1.04844
0.996122
0.997132
0.998808
0.999794
1.21341
1.18453
1.00266
0.996039
0.99705
1.49383
1.22543
1.38508
1.09313
1.03985
1.24534
1.07322
1.11643
1.28219
1.22739
1.2721
1.04616
1.46106
-0.999636
-1.0004
-1.0014
-1.00192
-1.00197
1.0028
1.0031
1.23487
1.75442
2.25538
2.1414
1.5289
1.39717
2.01166
1.50045
1.44696
0.999564
1.00033
1.30329
1.61979
1.52968
1.06727
1.22242
1.28075
1.10099
1.11482
1.23036
1.32344
1.51904
1.77388
1.06512
1.10977
1.31371
1.18764
1.1193
1.03576
1.21154
1.27312
1.47243
1.44766
1.06947
1.06375
0.998231
1.25198
1.12978
1.3579
0.997747
1.42019
1.37955
1.40939
1.19234
1.36103
1.31065
1.45168
1.46841
1.22486
1.00241
1.18731
1.17239
1.15378
1.16666
1.47284
1.38606
1.36704
1.20053
1.28712
1.0877
1.69361
1.62001
1.61684
1.00196
1.5512
1.43355
1.0578
1.12824
1.23404
1.06186
1.1169
1.053
1.23798
1.01997
1.40238
1.50384
1.15808
1.25485
1.03032
1.19115
1.51341
1.22022
1.42903
1.05591
1.22583
1.18726
1.30307
1.0545
0.996843
1.13409
1.37104
1.31561
1.13824
1.08019
1.24712
1.51134
1.14398
1.39108
1.10443
1.09064
1.29572
1.33763
1.39447
0.997762
1.05198
1.4154
1.32525
1.17621
1.28396
1.26071
1.47419
1.40093
1.11
1.1446
0.999148
1.13436
1.03312
1.27032
1.33208
1.17304
1.26285
1.14348
1.40048
1.17524
1.24895
1.29019
1.21228
1.40734
1.17911
1.11794
1.26994
1.28269
1.42737
1.0041
1.30467
1.20145
1.33307
1.21554
1.38114
1.50203
1.58075
1.67813
1.32307
1.14143
0.999707
1.10367
1.04022
0.997096
1.05369
1.20297
1.36541
1.61677
1.62374
1.25695
1.22239
1.56632
1.39065
1.09151
0.995763
1.16645
1.32498
1.30101
1.34161
1.00099
0.998543
1.00847
1.04582
1.10311
1.28777
1.45286
1.48659
1.45171
1.2167
0.998111
0.998617
1.557
1.02155
1.01346
1.11824
1.12313
1.58341
1.30702
1.20089
0.997616
1.12324
1.25062
1.22261
1.11104
1.44204
1.30938
1.57689
1.52554
1.3745
1.16883
1.00205
1.0324
1.35344
1.20837
1.19605
1.25144
1.62502
1.00568
0.998904
-1.00377
-1.00427
-0.998822
-0.998553
-1.00346
1.00026
2.0993
1.19028
1.19909
1.80983
1.1041
1.5931
1.16224
0.995624
1.00158
1.00657
0.998486
1.00343
0.998411
1.00282
1.0013
1.67893
0.996336
1.49894
1.33
1.90819
1.51186
1.43115
1.38098
2.09287
1.68425
2.07157
1.21129
1.0443
1.15386
1.24269
1.42302
1.58116
1.33574
1.2713
1.34488
1.04229
1.2474
1.54858
1.56702
1.27939
1.56581
1.62393
1.61897
1.33631
1.19625
1.36839
1.41862
1.57848
1.5378
1.36147
1.22082
1.22737
1.17716
1.39212
1.39704
1.58749
1.55008
0.996156
1.09127
1.51531
1.14185
1.42129
1.57541
1.3724
1.47826
1.46966
1.43313
1.41588
1.08752
1.00411
1.02446
1.50291
1.47206
1.0547
1.31388
1.03371
1.09864
1.06482
1.51911
1.50488
1.32076
1.04701
1.44662
1.48694
1.24693
1.52498
1.57531
1.70095
1.40731
1.35801
1.67898
1.31975
1.14163
1.35487
1.43294
1.49282
1.43475
1.22687
1.37928
1.1619
1.25952
1.37154
1.40847
1.56674
1.32656
0.989535
1.03649
1.36592
1.07536
1.35583
1.55666
1.63561
1.5823
1.61561
1.69732
1.4054
1.37842
1.10592
1.11498
1.26742
1.62995
1.1591
1.28114
1.18336
1.05065
1.00003
1.48841
1.53067
1.43027
1.21046
1.25853
1.30111
1.27038
1.58691
1.48222
1.46704
1.45812
1.22922
1.3794
1.1949
1.13747
1.42241
1.42671
1.41399
1.34377
1.388
1.51612
1.17377
1.41366
1.38902
1.44981
1.53077
1.41041
1.20882
1.19558
1.27641
1.21111
1.47846
1.61509
1.55337
1.41173
1.65869
1.56927
1.48553
1.21682
1.31009
1.31266
1.2064
1.6672
1.24001
1.33224
1.06658
1.15062
1.20326
1.48314
1.57287
1.36368
1.07027
1.25775
1.45275
1.32271
1.45048
1.53408
1.46669
1.67485
1.53237
1.53267
1.43898
1.30742
1.42346
1.56608
1.41294
1.50489
1.29627
1.41705
1.16623
1.25785
1.4208
1.4657
1.67813
1.39015
1.00279
1.10738
1.17253
-1.00083
-1.30613
-1.37036
-1.16987
-1.00307
1.00133
0.998575
2.17164
1.61016
1.14565
1.00372
1.00106
1.54195
1.00051
1.0002
0.998658
1.00107
0.997817
1.00272
1
0.999526
0.998723
0.999557
1.05989
1.00408
0.997816
1.00061
1.36284
1.79385
1.07584
1.0011
1.46665
1.00106
1.14315
0.99737
1.73553
1.32014
1.41055
1.76204
1.29095
1.45893
1.86923
1.005
2.2102
2.22486
1.94196
2.02438
2.02257
1.16918
1.00309
1.10777
1.42409
1.17702
0.996696
1.29694
0.99843
1.13815
1.23782
1.23656
1.44094
1.08384
1.31226
1.21325
1.47295
1.33757
1.13013
1.26741
1.29198
1.13625
1.08681
1.3239
1.03015
1.49508
1.27868
1.17321
1.18879
1.26192
1.29827
1.61174
0.996187
1.17546
1.14316
0.998614
1.37405
0.998894
1.11376
1.23283
1.22789
1.55989
1.27577
1.07628
1.2215
1.15834
0.996102
1.09497
1.2657
1.64291
1.29357
1.04961
1.50743
1.37589
1.14715
1.47798
0.997016
0.997642
1.03177
1.00434
1.16751
1.1811
0.996534
1.32657
1.36499
1.38656
1.10281
1.37853
1.39013
1.28322
1.11893
1.29058
1.12596
1.24271
1.31462
1.02506
1.23325
1.4011
1.01319
1.58309
1.04138
1.18876
1.15166
1.19886
1.27525
1.10273
1.14294
1.17981
1.33977
1.63754
1.13116
1.31147
1.34506
1.15968
1.13514
1.08775
1.49421
1.41492
1.44669
1.08051
1.55476
1.56418
1.14301
1.45182
0.996974
1.05076
1.02914
1.20479
1.28432
1.17336
1.06017
1.18759
1.39281
1.50586
1.32817
1.29761
1.44948
1.2454
1.29522
1.39448
1.29367
1.51112
1.4064
1.20326
1.29579
1.39036
1.21154
1.59786
1.07646
1.07919
1.12172
1.10753
1.31781
1.14543
1.18696
1.18368
1.21853
1.52291
1.28932
1.2055
1.20535
0.998037
1.00183
1.15354
1.03871
1.55374
1.3049
1.07055
1.37437
1.42997
1.22955
1.50717
1.00252
1.05421
0.997322
1.07275
1.32162
1.13845
1.00348
1.2973
1.43065
1.44669
1.09244
-1.0675
-1.00313
-1.41056
-0.997381
-0.997796
0.997586
0.996265
0.9986
1.75983
1.18509
1.46514
0.997599
1.59605
1.8598
1.34533
1.00141
1.6176
1.33495
1.49606
1.50172
1.16328
1.13495
1.36986
1.00151
1.00065
1.00108
1.26386
1.01203
1.14712
0.997596
0.996749
0.998903
1.27464
1.17927
1.34262
1.00075
1.00339
1.00322
1.00609
1.05314
1.11869
1.31292
1.28489
1.27783
0.999406
0.998744
1.28861
1.16808
1.12302
1.15301
1.34373
1.05943
1.107
1.22054
0.997435
1.00203
1.28932
1.60957
1.40072
1.32572
1.2451
1.39168
1.09045
1.41867
1.23639
1.44178
1.23846
1.56519
1.06777
0.996752
1.1656
1.00455
1.15212
1.28075
1.31606
1.42862
1.26377
1.38248
1.23952
1.06428
1.24026
1.44077
1.3922
1.69081
1.53312
1.17875
1.12582
1.30649
1.17623
1.35365
1.16427
0.998157
0.996692
1.16757
0.998023
0.997993
1.12758
1.65176
1.43724
1.09758
1.11038
1.31727
1.09142
1.27344
1.18704
1.37869
1.41391
1.51756
1.27898
1.17121
0.998573
1.03612
1.08638
1.46633
1.23118
1.10445
1.16292
1.29233
1.08918
1.05575
1.10346
1.14759
1.37396
1.42405
1.28874
1.45744
1.30211
1.51555
1.28135
1.37956
1.22285
1.28773
1.37192
1.15098
1.17483
1.1817
1.2185
1.62174
1.40357
1.07621
1.04102
1.25429
1.37278
1.23785
1.23036
1.25652
1.35122
1.47688
1.14867
0.997239
1.00165
1.02971
1.28066
1.45082
1.48119
1.49902
1.34698
1.39376
1.44563
1.06679
0.999633
1.20577
1.41699
1.29403
1.16706
1.23174
0.999158
1.10051
1.07084
1.22425
1.32403
1.32989
1.08798
1.1105
1.0911
1.18579
1.27961
1.76029
1.15102
1.05964
1.22864
1.19361
1.00206
1.28077
1.27476
1.47494
1.47308
1.33221
1.27913
1.14615
1.00725
1.021
1.08984
1.27888
1.49414
1.42872
1.25239
1.33094
1.25251
1.47742
1.35626
1.28063
1.4568
1.6324
1.20429
1.38518
1.3451
1.58359
1.2508
1.29344
-0.998086
-0.997991
-0.999685
-1.00051
-0.996296
1.00295
1.00085
1.00109
1.00255
1.3632
1.69806
1.00008
1.29173
0.998678
1.22252
1.73332
1.23524
1.051
1.24366
1.00155
0.998242
1.00045
0.998958
1.27813
1.00033
0.99957
0.998641
1.00257
1.49787
1.00066
0.999218
1.0039
0.998294
1.01015
1.26286
1.46469
1.3063
1.5122
1.26924
1.20453
1.01636
0.999222
1.34243
1.48925
1.08753
1.00123
1.12825
1.09949
1.48714
1.27452
1.44233
1.31905
1.50826
1.48511
1.55652
1.28751
1.06497
1.07922
1.06319
1.17279
1.0511
1.00308
1.0634
1.14113
1.1484
1.36415
1.17094
1.10041
1.14694
1.29601
1.35351
1.30519
1.74171
1.25369
1.04666
1.28278
1.65205
1.74251
1.13891
1.43586
1.22741
1.14326
1.06382
1.07718
1.2822
0.998099
1.06248
1.08245
1.07633
1.40064
1.21646
1.30355
1.18243
1.08586
1.27321
1.39463
1.37883
1.30573
1.38626
1.0317
1.04178
1.30428
1.40243
1.20251
1.28994
1.31479
1.39682
1.49815
1.11289
1.19543
1.05112
1.13919
1.13869
1.14656
1.00248
1.18344
1.14799
1.44397
1.15056
1.61514
1.73725
1.33643
1.19101
1.07461
1.05794
1.42076
1.2261
1.05229
0.997105
1.4275
1.10442
1.28785
1.10179
0.995983
0.998307
1.40499
1.6596
1.53435
0.997481
1.58178
1.13235
1.16026
1.44933
1.32929
1.61983
1.53292
1.48264
1.34518
1.42137
1.45309
1.29933
1.29322
1.18732
1.21167
1.23914
1.38612
1.12483
1.18778
1.00125
1.37397
1.26016
1.31348
1.17443
1.22329
1.43796
1.1348
1.28551
1.46249
1.33719
1.04367
1.00203
1.28779
1.31912
1.49596
1.34816
1.26518
1.00366
1.15716
1.10292
1.21819
1.21495
1.01926
0.996773
1.13271
1.55795
1.65042
1.0202
1.28417
1.00282
1.15179
1.19978
1.21208
1.46229
1.41029
1.12163
1.04024
1.18866
1.41842
1.27425
1.34768
1.45329
1.20098
1.36495
1.33633
1.19717
1.00336
0.996824
0.997574
1.36359
1.48551
-0.999026
-0.999944
-1.0018
-0.99791
-0.99648
1.00269
1.87255
1.00115
1.00163
1.12694
1.00207
0.99677
1.00375
1.43812
1.48475
1.58907
2.34545
1.81405
1.65262
1.38982
1.89424
1.11045
0.997162
1.00125
1.45107
1.00368
1.00479
1.15641
1.0586
0.99714
1.07644
1.09867
1.18722
1.00179
1.15876
0.996334
0.998072
1.12533
0.997737
0.997499
0.999778
1.08102
1.18907
1.19189
1.16406
1.08612
1.2937
1.13689
1.27269
1.30773
1.17486
1.07621
1.12527
1.2594
1.23844
1.20733
1.08746
1.20934
1.05755
1.05587
0.997543
1.00976
1.00302
1.1956
1.23849
1.15666
1.00454
1.06922
1.19476
1.28054
1.27001
1.11013
1.12393
1.27062
1.11017
0.997195
1.14898
1.15185
1.11321
1.23841
1.20961
1.30356
1.06231
1.08454
1.08726
1.08745
1.10699
1.19261
1.20065
1.19736
1.04868
1.00006
1.24634
1.15117
1.203
1.13393
1.56752
1.3175
1.26468
1.08331
1.11415
1.22871
1.03222
1.19364
1.13081
1.18769
1.12623
1.00246
1.20031
1.0825
1.05972
1.31397
1.37857
1.15962
1.1363
1.19877
1.17044
1.14164
1.09708
1.10184
1.1229
1.33786
1.18612
1.07663
1.05751
1.10811
1.19716
1.32055
1.38554
1.19364
1.07609
1.15214
1.02586
1.08298
0.998427
1.13172
1.19763
1.09323
1.00165
1.02983
1.35189
1.05254
1.05092
1.13313
1.38127
1.31886
1.1051
1.0739
1.268
1.22666
1.22969
1.16653
1.125
1.20942
1.06496
0.997772
1.28085
1.00321
1.01235
1.32043
1.40516
1.07142
0.997104
1.09764
1.15704
1.1847
1.1415
0.998208
1.24236
1.29295
1.10895
1.01504
1.06115
1.07183
1.07038
1.30772
1.14202
1.34103
1.10744
0.997512
1.01146
1.10752
1.03499
1.29761
1.2498
1.32478
0.996537
1.06742
1.39189
1.28906
1.1072
1.08511
1.54438
1.40687
1.16124
1.04582
1.15048
1.17444
1.00329
1.18563
1.22029
1.23139
1.11265
1.07144
1.13909
0.997479
1.03695
1.24346
1.3495
0.99986
-1.00014
-0.997275
-0.997668
-0.996385
-1.00076
1.00074
1.18786
0.999791
1.00074
1.42216
0.99987
1.00235
1.10375
1.00322
1.93908
1.79364
1.68717
2.31607
1.94777
2.27499
2.15627
1.29883
1.56204
1.82512
1.96285
1.87372
1.11008
1.29121
1.34438
1.7312
1.15269
1.78857
1.81665
1.6364
1.51896
1.71004
1.94838
1.80663
1.51509
1.52105
1.5732
1.39943
1.73277
2.02769
1.46699
1.74527
1.27941
1.35791
1.42154
1.86029
1.67902
1.68638
1.54331
1.58064
1.59916
1.73082
1.21381
1.55058
1.55794
1.64727
1.6563
1.72171
1.4193
1.59303
1.59779
1.6978
1.50751
1.71244
1.34982
1.25829
1.60791
1.75829
1.49073
1.84291
1.47244
1.66378
1.26658
1.70428
1.7561
1.87845
1.73637
1.64227
1.49627
1.78917
1.60159
1.58416
1.31453
1.31478
1.44664
1.66797
2.063
1.82758
1.6981
1.57826
1.51239
1.78248
1.45567
1.65701
1.48722
1.40365
1.68207
1.4628
1.62599
1.8613
1.52246
1.70256
1.4239
1.69603
1.90735
2.03376
1.5473
1.39149
1.47399
1.74795
1.63578
1.85845
1.31082
1.31376
1.51828
1.86097
1.7098
1.70097
1.72652
1.64705
1.58209
1.53165
1.45348
1.822
1.72736
1.31045
1.77633
1.83974
1.85664
1.75441
1.53032
1.74096
1.20113
1.76933
1.6324
1.82383
1.76833
1.33978
1.29983
1.70544
1.61038
1.68299
1.38366
1.43338
1.58397
1.62019
1.58323
1.70313
1.68169
1.82081
1.66123
1.6299
1.67727
1.90481
1.58582
1.23907
1.62163
1.74789
1.55246
1.78575
1.48947
1.54717
1.33305
1.73324
1.4876
1.80625
1.59546
1.64176
1.33534
1.72079
1.83607
1.80268
1.43423
1.51674
1.62036
1.51592
1.56729
1.58902
1.48539
1.74123
1.32314
1.67099
1.75489
1.89746
1.53845
1.21746
1.63752
1.68802
1.4545
1.62095
1.63741
1.577
1.32533
1.62796
1.50062
1.84662
1.56171
1.63634
1.48017
1.81612
2.03808
1.9916
1.28204
1.3355
1.4698
1.00345
-0.997181
-0.997072
-1.00028
-1.00037
-0.996766
1.14554
0.99854
1.53274
1.30105
1.28503
1.11993
2.12989
1.6835
1.19506
1.32425
1.35123
1.15703
1.1413
1.33337
1.38673
1.43411
1.22525
1.10569
1.40452
1.31731
1.23873
1.3087
1.63024
1.75221
1.41191
1.65374
1.53967
1.62801
1.00221
1.11576
1.12732
1.18881
1.20518
1.17595
1.12059
1.21242
1.08857
1.20759
1.65806
1.20671
1.30568
1.77527
1.49766
1.73381
1.04313
1.1839
1.00432
1.38232
1.18554
1.42748
1.50502
1.74872
1.81416
1.4491
1.4054
1.50793
1.27163
1.35714
1.35227
1.59418
1.3413
1.35287
1.30556
1.53131
1.03177
1.06318
1.13238
1.06862
1.43438
1.62572
1.56297
1.5761
1.55931
1.61698
1.29212
1.54228
1.22785
1.28204
1.25686
1.63033
1.19715
1.40543
1.28207
1.37148
1.02159
0.999152
1.06242
1.07173
1.17751
1.39852
1.78388
1.90918
1.71372
1.59479
1.14243
1.38687
1.34714
1.27119
1.28239
1.44958
1.47122
1.25519
1.31114
1.47187
1.1963
1.43386
1.35859
1.56318
1.26225
1.39057
0.996701
1.21571
1.42407
1.39317
1.24696
1.30433
1.12393
1.14829
1.54533
1.56202
1.55836
1.76204
1.54235
1.61684
1.14036
1.00155
1.15861
1.10424
1.08423
1.22421
1.16078
1.44455
1.43028
1.57225
1.34867
1.62202
1.49105
1.50963
1.42474
1.50515
1.17915
1.08779
1.33273
1.33018
1.28346
1.64001
1.44563
1.48663
1.43801
1.38428
1.79422
1.70721
1.47504
1.54652
1.4443
1.34786
1.24837
1.05006
1.13459
1.32377
1.07107
1.34481
1.13228
1.67339
1.43002
1.62668
1.44649
1.6447
1.25961
1.5625
1.42008
1.47999
1.5213
1.35414
1.32643
1.39238
1.14812
1.09716
1.00082
1.28569
1.23355
1.36441
1.26904
1.45197
1.13177
1.63969
1.68583
1.44039
1.56906
1.39008
1.30031
1.53805
1.46812
1.51236
1.11471
1.51277
1.14944
1.24214
1.34546
1.51021
1.18742
1.57451
1.55355
1.42908
1.00488
-0.997335
-0.997063
-0.999053
-0.99804
-0.996372
1.0043
1.00091
0.996947
1.02631
1.32342
1.11847
0.999263
1.72051
1.14773
1.15894
1.26251
1.36123
1.64284
1.91715
1.18026
1.00114
1.20763
1.19356
1.02573
1.20504
1.54589
2.02198
1.36866
1.60827
1.86551
1.42864
1.68389
1.62049
1.28211
1.48134
1.60633
1.9839
1.48553
0.997052
1.52098
1.76847
1.85747
1.31388
1.35226
1.38884
1.29993
1.59036
1.13366
1.37701
1.42778
1.41107
1.30948
1.16922
1.10897
1.38464
1.20713
1.19083
1.33215
1.53354
1.2954
1.25055
1.03448
1.27982
1.55255
1.39022
1.34618
1.31206
1.44327
1.28724
1.23774
1.29755
1.17039
1.12133
1.23311
1.394
1.27158
1.18619
1.00324
1.15917
1.0794
1.16274
1.43955
1.52438
1.26646
1.23234
1.27861
1.10398
1.34047
1.37986
1.53007
1.52973
1.39028
1.36163
1.35555
1.28811
1.18503
1.34252
1.46806
1.46575
1.3115
1.11985
1.0662
1.23088
1.35057
1.27068
1.45388
1.51705
1.15587
1.11394
1.20574
1.19609
1.42158
1.18827
1.30527
1.2762
1.06939
1.30036
1.16739
1.31335
0.997823
1.02176
1.41345
1.35079
1.18066
1.16128
0.997368
0.998041
1.13972
1.24082
1.29384
1.5109
1.09901
1.16128
1.14696
1.00174
1.31078
1.25874
1.30541
1.41264
1.23366
1.30032
1.17427
1.23814
1.23164
1.22856
1.48941
1.29966
1.28117
1.14454
1.11131
1.09226
1.32668
1.06651
1.30466
1.57047
1.09882
1.06885
1.19875
1.38413
1.5223
1.30227
1.25894
1.35639
1.15207
1.12792
1.22764
1.25862
1.06301
1.15051
1.32887
1.45251
1.15848
1.18459
1.04005
1.22691
0.998782
1.23835
1.3473
1.57744
1.35213
1.29508
0.998444
1.07464
1.39156
1.41493
1.53799
1.35145
1.54999
1.38275
1.37684
1.25691
1.23927
1.29023
1.35164
1.39588
1.41416
1.18495
1.06251
1.34153
1.29046
1.12883
1.41944
1.48944
1.20888
1.21777
1.33953
1.29073
1.49516
1.38267
1.00027
-0.996534
-0.999156
-1.00043
-1.00347
-0.996986
1.00203
1.43333
0.999976
1.01005
1.73259
1.00087
0.998914
1.00246
1.03437
1.43534
1.38215
1.96981
1.66996
1.87562
1.86259
1.72629
1.52347
1.71722
1.63879
1.81497
1.71509
1.48006
1.15323
1.23054
1.4711
0.999685
1.00299
0.997647
1.05484
1.76786
1.70251
1.99075
2.06121
1.61194
1.74835
1.50782
1.52442
1.60563
1.55423
1.41337
1.4834
1.62178
1.59627
1.2565
1.73105
1.27028
1.23516
1.47005
1.65957
1.46715
1.13759
1.36982
1.55986
1.39758
1.69848
1.36048
1.78469
1.6083
1.49644
1.42043
1.775
1.20041
1.45653
1.32013
1.60237
1.42339
1.66454
1.52297
1.65313
1.75815
1.686
1.46013
1.73074
1.45527
1.4768
1.21789
1.87342
1.55764
1.38216
1.63188
1.37873
1.45797
1.41643
1.38554
1.6595
1.58993
1.87949
1.67908
1.56332
1.60104
1.52541
1.28567
1.74584
1.48829
1.58176
1.59051
1.7659
1.59666
1.4344
1.32047
1.41871
1.52015
1.64195
1.22616
1.38231
1.26641
1.2968
1.60342
1.8206
1.58019
1.43371
1.44663
1.74703
1.484
1.76837
1.49706
1.53956
1.7188
1.44876
1.32066
1.60707
1.43422
1.56428
1.33283
1.82822
1.37053
1.5665
1.607
1.50918
1.56203
1.46277
1.40633
1.57611
1.4
1.6
1.46877
1.65312
1.55909
1.40611
1.39362
1.48166
1.43482
1.31497
1.38738
1.66442
1.19305
1.37381
1.4759
1.52668
1.56948
1.76232
1.39236
1.70741
1.42862
1.61161
1.38875
1.65355
1.31527
1.34773
1.46424
1.48343
1.72472
1.83526
1.45762
1.70131
1.62359
1.63518
1.59162
1.61012
1.38684
1.21973
1.54985
1.6819
1.40548
1.62968
1.39844
1.49425
1.44762
1.22919
1.44637
1.75292
1.71614
1.81264
1.41673
1.88103
1.40502
1.52593
1.54423
1.64223
1.55474
1.55928
1.77027
1.66543
1.3846
1.49832
1.26676
1.42842
1.64723
1.59904
1.36305
1.27881
1.34837
1.60546
1.55511
1.3163
-0.999246
-0.998629
-0.996764
-0.999523
-0.998069
1.00057
1.15572
1.00055
1.35834
1.87551
1.9307
2.09133
1.41669
1.24632
1.88181
1.73534
1.57769
1.93768
2.38393
2.13953
2.04624
1.94683
1.51966
1.42075
1.9393
2.1235
2.27195
2.48357
1.47192
1.6191
1.8605
1.69707
1.37217
1.83085
1.72745
1.93473
2.12026
1.77312
2.08085
2.52995
2.49413
1.50926
2.23074
2.71341
2.10801
1.91225
1.26175
1.98911
1.58388
1.96289
1.97948
1.77112
1.6342
2.16272
2.02195
2.21695
1.93956
2.20515
1.91125
1.83887
1.92092
1.94533
1.9453
2.36324
1.89386
2.17432
1.81762
2.35886
1.78468
1.60847
2.04324
1.87117
1.72754
2.31371
2.12255
1.783
1.88843
2.38253
1.62047
2.146
2.03439
1.96971
1.78413
1.77909
1.82047
1.61938
1.57414
1.85954
1.64014
1.60875
1.77294
1.85271
1.38473
1.78446
1.80012
2.07082
1.43609
1.52285
1.40688
1.29174
1.62054
1.86682
1.62444
2.04784
1.36311
1.69299
1.42103
2.07145
1.73146
1.53665
1.43454
1.66981
1.38564
1.96613
1.42941
1.73368
1.19532
1.66621
1.58141
1.91554
1.91434
1.34555
1.47876
1.67794
1.64767
1.79723
1.5368
1.73548
1.43666
1.36851
1.88946
2.11985
1.56741
1.76678
1.42598
1.70218
1.31001
1.91891
1.58876
1.73992
1.48915
1.63262
1.58431
2.04536
1.62314
1.48869
1.20248
1.5224
1.39318
1.73495
1.73037
1.76151
1.39703
1.766
1.8244
2.03385
1.52213
1.44408
1.39369
1.31831
1.74292
1.92082
1.46313
1.88194
1.37912
1.75837
1.42721
2.09087
1.77737
1.57442
1.43587
1.59741
1.31968
1.82968
1.64226
1.63947
1.26196
1.58786
1.60566
2.06586
1.85752
1.46444
1.55493
1.80184
1.67671
1.85176
1.41575
1.77001
1.4414
1.36407
1.84455
2.08106
1.54278
1.69967
1.35736
1.6821
1.20041
1.90222
1.68871
1.95674
1.46211
1.58559
1.55547
2.00248
1.73158
1.3714
1.22731
1.48342
1.57808
1.44608
-0.999692
-0.99769
-0.998193
-0.995739
-0.997592
0.999434
1.00166
1.00035
1.68425
1.46819
0.997118
1.38164
1.64797
1.64076
0.998524
0.998496
1.02844
0.998428
1.18429
1.0018
0.997774
1.00454
0.999471
1.00074
1.00229
1.45494
1.11859
1.11979
1.00996
1.60962
1.72152
1.54541
1.78141
1.40938
1.712
1.40952
1.33473
1.7045
1.70077
2.0443
1.53365
1.94776
1.53616
1.1923
1.3011
1.32293
1.58565
2.03936
1.58088
1.11812
1.85675
1.52314
0.997322
1.25796
1.60789
1.792
1.82467
1.59211
1.96308
1.7293
1.89584
1.45203
1.84556
1.54945
1.37496
1.35265
1.35793
0.996398
1.00344
1.2163
0.997857
1.22209
0.996628
0.998277
1.3558
1.55988
1.71596
1.28723
1.00381
1.46421
1.47713
1.28513
1.40863
1.26412
1.32033
1.07664
1.68683
1.73684
1.33456
1.35076
1.14298
1.05851
1.0685
0.995806
1.04751
1.12794
1.00159
1.22683
1.22629
1.52225
1.14532
1.23066
1.22982
1.18987
1.83951
1.59879
1.42649
1.35156
1.27181
1.00243
1.10747
1.50703
1.42109
1.30283
1.28895
1.22117
1.34775
1.11661
1.14096
1.42974
1.12011
1.1282
1.32402
1.44123
1.44928
1.29886
0.99892
1.38383
0.997821
1.25655
1.21842
1.14565
1.22245
0.996697
1.1147
1.35439
1.073
1.09158
1.10512
1.24727
1.27541
1.41557
1.06978
1.21063
1.00264
1.12095
1.03347
1.00242
1.08875
1.35366
1.15806
1.27216
1.33171
1.70201
1.77465
1.25379
1.18843
1.29454
1.6204
1.60028
1.18236
1.39682
1.34209
1.27144
1.27291
1.24818
1.13004
1.09458
0.997609
1.06192
1.68832
1.73309
1.32169
1.39661
1.17438
1.35849
1.45867
1.42468
1.05011
1.14312
1.13018
1.08496
1.25616
1.51506
1.39475
1.06824
0.997949
1.03865
1.09572
0.99836
0.996899
0.997529
1.173
1.0191
1.34448
1.44097
1.09618
1.32501
0.997297
1.42813
1.38194
1.32813
1.5824
1.15028
1.00172
1.23455
1.42509
1.48408
1.13234
1.00262
-0.995248
-1.00156
-0.998023
-0.997455
-0.9963
1.33426
1.0017
1.00125
1.0001
1.00433
1.03811
1.67562
1.27842
1.00157
0.99997
0.996444
1.3098
1.87726
1.86561
1.67956
2.14109
1.85334
1.17357
1.93463
1.84871
1.5064
1.44375
1.70289
1.5574
2.08908
2.1367
2.01649
2.14028
2.0589
1.60658
2.07183
2.21639
1.81529
2.24907
2.08012
1.49025
1.69862
1.67701
1.40722
2.28208
1.81183
1.24866
1.53761
1.18286
1.26124
1.49264
1.22979
1.28105
1.06061
1.0139
1.01356
1.36123
1.39933
1.14224
1.35093
0.998033
1.20854
1.59165
1.37539
1.19
1.50307
0.997362
0.995851
1.4698
1.61705
1.48139
1.17027
1.03395
1.22985
1.45769
0.998051
1.001
1.34263
1.1596
1.15322
1.15184
1.37131
1.48674
1.24216
1.19178
1.42358
1.19645
1.3478
1.60784
1.31871
1.28161
1.00322
1.38815
1.35798
1.21171
1.17484
1.2239
1.40736
1.58145
1.55483
1.25561
1.25177
1.01125
1.07692
1.23965
1.06474
1.02315
1.38081
1.03651
1.00107
1.05424
1.51672
1.48334
1.46274
1.31299
1.20301
1.37876
1.65138
0.99929
1.33494
0.997163
1.04664
1.42569
1.18056
1.17283
1.14808
1.00365
1.00162
1.30306
1.6973
1.31992
1.52492
1.43402
1.27056
1.27514
1.3945
1.50834
1.31442
1.25217
1.25985
1.37886
1.19031
1.10242
1.05272
1.22732
1.26536
1.0747
1.11884
1.18375
1.12109
1.10524
1.26806
1.33312
1.48713
1.21057
1.42601
1.07903
1.3239
1.04556
1.18524
1.70748
1.38723
1.1714
1.09249
1.60066
1.48734
1.27859
1.18858
1.19305
1.32185
1.17684
1.24342
1.5498
1.44726
1.06576
1.10269
1.126
1.25669
1.22932
1.45709
1.10294
1.16976
0.999551
1.22893
1.44792
1.28165
1.2351
1.16254
1.36517
1.34747
1.49674
1.3271
1.49203
1.64826
1.44501
1.5594
1.16783
1.24228
0.999253
1.04525
1.29428
1.13339
1.33856
1.39669
1.14982
1.4894
1.17767
1.56407
1.52852
0.997995
-0.996147
-1.00007
-0.996635
-1.00293
-1.00198
0.999126
1.00359
1.27811
1.16272
2.17802
1.00411
1.22031
1.50611
1.71516
1.20017
1.84882
2.06483
1.04507
1.03708
1.64615
1.37474
1.1239
0.999957
1.35131
1.47941
1.19768
1.48701
1.75005
1.47673
1.07974
0.996883
1.0039
1.13798
1.439
1.04129
1.34734
1.15666
0.997465
0.999483
1.03991
0.996979
1.17671
1.34273
1.23245
1.53393
1.25797
1.11354
1.00934
1.15369
1.1083
1.00108
1.34367
1.25922
1.1101
1.12529
1.00264
1.06015
1.27061
1.23445
1.35604
1.29975
1.38615
1.0021
0.999637
1.14541
1.29968
1.13132
1.33068
1.36613
1.09854
1.23601
1.01751
1.08532
0.998937
1.05545
1.22831
1.15305
0.996918
0.997706
0.998637
1.05882
1.31554
1.22118
1.24688
1.37707
1.04068
1.19161
1.13105
1.0388
1.1484
1.42136
1.19429
1.31083
1.18161
1.19029
1.12597
1.13174
1.07748
1.18815
1.34786
1.35588
1.07353
1.23321
1.0506
1.0009
1.16755
1.31424
1.18645
1.34597
1.04171
1.17689
1.13919
1.07843
1.20868
1.30007
1.24287
1.34904
1.14538
1.2062
1.14099
1.09309
0.998776
1.30132
1.30709
1.31241
1.09408
1.22827
1.06575
1.046
1.22689
1.19445
1.24688
1.37707
1.04068
1.19161
1.13105
1.0388
1.1484
1.42136
1.19429
1.31083
1.18161
1.19029
1.12597
1.13174
1.07748
1.18815
1.34786
1.35588
1.07353
1.23321
1.0506
1.0009
1.16755
1.31424
1.18645
1.34597
1.04171
1.17689
1.13919
1.07843
1.20868
1.30007
1.24287
1.34904
1.14538
1.2062
1.14099
1.09309
0.998776
1.30132
1.30709
1.31241
1.09408
1.22827
1.06575
1.046
1.22689
1.19445
1.24688
1.37707
1.04068
1.19161
1.13105
1.0388
1.1484
1.42136
1.19429
1.31083
1.18161
1.19029
1.12597
1.13174
1.07748
1.18815
1.34786
1.35588
1.07353
1.23321
1.0506
1.0009
1.16755
1.31424
1.18645
1.34597
1.04171
1.17689
1.13919
1.07843
1.11171
-0.999866
-0.998915
-1.00136
-1.00268
-1.00082
0.999769
1.14603
1.3692
0.99692
1.00133
0.997658
1.0345
1.14992
1.84885
2.16976
1.77671
1.78775
1.58867
1.10112
1.56712
1.43878
1.55601
1.08014
1.34773
1.0517
1.03159
1.63675
1.63299
1.5609
1.34722
1.6678
1.30704
1.49598
1.40309
0.997358
1.16822
1.00091
1.00367
1.44184
1.06341
1.34077
1.56394
1.45994
1.27795
1.56444
1.39401
1.30046
1.30753
1.26485
1.132
1.00306
0.999873
0.997922
1.42616
1.55733
1.48455
1.28196
1.18076
1.27562
1.78336
1.72171
1.49652
1.67565
1.75924
1.5345
1.63058
1.34096
1.592
1.48819
1.8357
1.62454
1.46129
1.55929
1.5075
1.26691
1.68708
1.75801
1.76549
1.83665
2.07307
1.17431
1.23541
1.50801
1.5624
1.186
1.17733
1.61923
1.43725
1.2064
1.41967
1.2411
1.06511
1.13109
1.31279
1.01318
1.15216
1.21791
1.32285
1.20961
1.33566
1.26498
1.34587
1.42142
1.50695
1.32303
1.13587
1.05131
1.31495
1.26425
1.36199
1.47349
1.22721
1.18588
1.37932
1.20967
1.21645
1.47466
1.24305
1.1752
1.28125
1.18749
1.31996
1.20852
1.41227
1.26004
1.46724
1.61624
1.51384
1.28621
1.03573
1.0032
1.15858
1.1242
1.37199
1.44245
1.28335
1.20769
1.42385
1.13102
1.28561
1.35296
1.35989
1.01318
1.15216
1.21791
1.32285
1.20961
1.33566
1.26498
1.34587
1.42142
1.50695
1.32303
1.13587
1.05131
1.31495
1.26425
1.36199
1.47349
1.22721
1.18588
1.37932
1.20967
1.21645
1.47466
1.24305
1.1752
1.28125
1.18749
1.31996
1.20852
1.41227
1.26004
1.46724
1.61624
1.51384
1.28621
1.03573
1.0032
1.15858
1.1242
1.37199
1.44245
1.28335
1.20769
1.42385
1.13102
1.28561
1.35296
1.35989
1.01318
1.15216
1.21791
1.32285
1.20961
1.33566
1.26498
1.34587
1.42142
1.50695
1.32303
1.13587
1.05131
1.31495
1.26425
1.36199
1.47349
1.22721
1.18588
1.0001
-0.997445
-0.995067
-1.00361
-0.998947
-1.00023
1.10936
1.00408
0.999588
1.05761
1.00136
1.17559
0.999781
0.999052
0.997004
1.47263
1.04302
1.22383
1.61665
1.27629
1.00284
1.00363
1.53378
0.997676
1.19749
1.67118
1.93992
1.73699
1.21809
1.00402
1.54384
1.50522
1.1346
1.24386
1.21646
2.18162
1.00128
1.00083
1.13514
1.19873
0.997585
1.00191
1.00012
0.998873
1.00332
0.995582
0.997512
1.01511
1.5281
1.03815
1.28367
1.00138
0.998835
1.00011
1.38934
1.40985
1.16709
2.38541
1.44328
1.31628
1.67975
1.3908
1.13368
1.85582
1.7719
2.14134
1.24311
1.80323
1.50094
1.54844
1.13342
1.43638
1.06751
1.30908
1.23524
1.63183
1.47956
1.46936
1.33215
1.56636
1.38983
1.78279
1.40063
1.87989
1.89275
1.49055
1.08993
1.81365
1.62135
1.64148
1.4578
1.69748
1.40464
1.70536
1.28245
1.36559
1.25749
1.56639
1.41356
1.75188
1.39091
1.40287
1.41332
1.51675
1.3318
1.71729
1.32816
1.56941
1.48116
1.3974
1.37291
1.56654
1.49628
1.53088
1.42336
1.55224
1.51879
1.70389
1.0096
1.15922
1.36707
1.28656
1.41231
1.54934
1.33976
1.42419
1.36066
1.5239
1.45931
1.84185
1.30758
1.85791
1.90271
1.60209
1.15528
1.4077
1.57689
1.48599
1.44816
1.42807
1.31748
1.62523
1.31235
1.12439
1.32975
1.48264
1.55338
1.82036
1.48876
1.42342
1.25813
1.36992
1.2497
1.58544
1.22777
1.79262
1.52739
1.6285
1.3147
1.73827
1.62652
1.64016
1.61875
1.48141
1.49908
1.55517
1.10616
1.21987
1.34772
1.54703
1.47657
1.69455
1.20328
1.40961
1.47124
1.58741
1.33474
1.63458
1.34742
1.82779
1.8757
1.65303
1.14971
1.39431
1.37391
1.44762
1.28386
1.63226
1.25525
1.62474
1.28681
1.19386
1.46769
1.54036
1.66592
1.82629
1.49461
1.40713
1.35061
1.66861
1.45745
1.50526
1.2748
1.76906
1.68005
1.67513
1.25971
1.76258
1.47216
1.70058
1.39774
-1.00238
-1.1357
-1.14717
-1.00317
-0.99872
1.00206
1.00233
0.997849
1.60427
0.997214
0.999469
0.998558
0.999196
1.75724
1.95636
0.999143
1.00341
1.29383
1.06362
1.35555
1.62639
2.03082
1.74484
1.21827
0.998585
1.3517
1.29277
1.0972
1.23859
1.67971
1.59546
1.64865
1.68785
1.30636
0.999852
1.20962
0.99872
1.06101
1.23554
0.999914
1.00257
1.42241
1.25578
1.35573
1.64534
1.79745
1.66102
1.79451
1.67318
1.00239
1.00177
1.13213
1.11128
1.05476
1.33917
1.55865
1.33958
1.27038
1.12418
1.1461
1.54525
1.53432
1.83821
1.80887
1.60282
1.59459
1.71537
1.64482
1.64036
1.13719
1.57198
1.35516
2.02916
1.70075
1.28022
1.53584
1.46476
1.44749
1.85584
1.74126
1.34324
1.51887
1.9701
1.3479
1.11319
1.92176
1.73073
1.27636
1.6257
1.60397
1.52941
1.18115
1.44608
1.49571
1.54936
1.45794
1.6883
1.33323
1.20889
1.29502
1.05024
1.51072
1.26122
1.21497
1.31107
1.3668
1.48371
1.41764
1.36357
1.11568
1.244
1.50092
1.09384
1.49248
1.19694
1.28797
1.34943
1.14064
1.42227
1.55402
1.27694
1.25055
1.38394
1.28885
1.36429
1.22025
1.35161
1.33272
1.36044
1.18844
1.12942
1.22843
1.0955
1.11717
1.29022
1.58149
1.50033
1.52694
1.41266
1.11906
1.01053
1.20544
1.21199
1.60971
1.37508
1.14244
1.25574
1.21236
1.21581
1.41927
1.23686
1.26816
1.49387
1.48121
1.32915
1.26738
1.22841
1.28814
1.34124
1.48193
1.16698
1.43106
1.36609
1.28152
1.14001
1.22459
1.53078
1.67665
1.48733
1.09142
1.10841
1.27885
1.12905
1.39297
1.20636
1.24259
1.47339
1.26275
1.40982
1.20447
1.11966
1.13998
1.50463
1.55368
1.31019
1.28895
1.31734
1.30354
1.16343
1.20239
1.1947
1.50036
1.31424
1.30569
1.18913
1.36605
1.42727
1.61224
1.40898
1.13997
1.24894
1.40545
1.17038
1.47502
1.15188
1.21329
1.45513
1.52229
1.29915
1.0021
-1.00207
-0.998472
-1.00352
-0.999901
-0.997288
1.30192
1.54875
1.02723
0.9998
0.999523
1.0539
1.0087
1.14819
1.18297
1.51655
0.99966
1.40308
1.2669
1.08166
1.03361
1.28898
1.03517
1.00195
1.23174
1.03711
1.0056
1.06502
1.14486
1.0875
1.0723
0.997125
0.99855
1.01144
0.997514
0.999405
1.59229
1.47958
1.4263
1.0023
1.00345
1.29533
1.00937
0.998075
1.1463
1.27252
1.29724
1.03597
1.21861
0.998701
0.999294
1.00241
0.998973
1.33211
1.53109
1.28109
1.29586
1.18745
1.55239
1.07304
1.48519
1.44205
1.28886
1.10109
1.01359
0.99799
1.00363
1.00163
1.24606
1.09512
1.27186
1.17521
1.16813
1.3727
1.56859
1.06986
1.4354
1.35504
1.4415
1.21128
1.27677
1.00841
0.996747
1.13352
1.09492
1.33889
1.5427
1.51319
1.7804
1.35738
1.14891
1.15342
1.47223
1.32357
1.18551
1.28924
1.12147
0.997
1.35937
1.00329
1.39038
1.0513
1.15069
1.33883
1.53449
1.75776
1.79691
1.26827
1.26133
1.39945
1.16591
1.15558
1.03698
1.01808
1.02729
1.34596
1.27935
1.29052
1.17928
0.997431
1.37929
1.11681
0.997887
0.997874
1.36254
1.01088
1.45793
1.29946
1.44981
1.34733
1.17676
1.17722
1.40806
1.69491
1.25065
1.31768
1.44061
1.09793
1.20842
1.00318
1.11648
1.26969
1.02603
1.27175
0.995472
1.07054
1.07763
1.09798
1.38446
1.25606
1.30483
1.32606
1.28071
1.31739
1.45612
1.33072
1.32458
1.34876
1.29404
0.995004
1.01438
1.00184
0.997966
0.999973
1.00496
1.23483
1.30483
1.12958
1.36295
1.46057
1.54555
1.23263
1.41341
1.48814
1.51752
1.15564
1.32104
1.01774
1.20501
1.28955
1.23971
1.62144
1.54451
1.5848
1.58438
1.36939
1.54317
1.26493
1.23828
1.35748
1.54427
0.998685
1.00115
0.996586
1.08021
1.10685
1.18917
1.00431
1.00309
1.52706
1.87818
1.51702
1.33131
1.28635
1.35138
1.25669
1.22341
1.00279
1.04205
1.06718
1.10297
-0.998458
-1.00271
-0.998714
-0.997243
-0.997381
1.06738
1.00088
1.90531
1.78813
1.86838
1.82626
1.43223
1.29121
1.99147
1.00027
1.27759
1.46414
0.999008
1.00217
0.999187
1.00174
1.00077
0.998048
0.999583
1.00337
1.00084
1.00161
1.00258
1.00283
1.00039
0.998407
0.999014
1.0006
1.07378
1.65776
1.39543
1.07661
1.47151
1.42926
1.3038
1.99764
1.25822
1.80794
1.43577
0.999494
1.4395
1.06939
2.17831
1.09705
2.15782
1.81321
1.61293
1.09071
1.08044
1.26076
1.71263
1.81947
1.80084
1.8039
1.83623
1.8248
1.25067
1.72521
1.61455
1.28907
1.08581
1.17755
1.40637
1.45815
1.25234
1.72128
1.26284
1.25875
1.48971
1.20851
1.27353
1.30864
1.61775
1.4191
1.64618
1.63522
1.4007
1.58638
1.29828
1.13589
1.55139
1.40498
1.56353
1.63462
1.37857
1.19196
1.25287
1.26702
1.27979
1.14807
1.39519
1.46779
1.54032
1.72981
1.38797
1.58001
1.69556
1.55205
1.36148
1.30777
1.43272
1.31078
1.49482
1.56461
1.25942
1.13631
1.64004
1.71494
1.56961
1.4458
1.3057
1.18708
1.41
1.45361
0.996276
1.51981
1.66694
1.25508
1.29277
1.04092
1.36864
1.44645
1.85695
1.41565
1.39691
1.46762
1.35566
1.39593
1.48628
1.03817
1.40364
1.51177
1.66066
1.54339
1.36344
1.64362
1.75485
1.64671
1.84802
1.58722
1.69827
1.36255
1.22645
1.57619
1.29199
1.42415
1.6651
1.51394
1.77372
1.50209
1.7963
1.73423
1.55772
1.5254
1.6981
1.76029
1.65764
1.88255
1.38995
1.32949
1.61906
1.50935
1.36628
1.52392
1.56448
1.2678
1.69135
1.73055
1.65598
1.36297
1.904
1.41984
1.36676
1.8091
1.14467
1.28925
1.65222
1.66654
1.52504
1.31613
1.29648
1.20588
1.3651
1.08929
1.28936
1.42667
1.56157
1.31506
1.69249
1.64332
1.45759
1.49855
1.38262
1.66595
1.47248
1.76687
1.30659
1.25348
1.5794
1.19572
1.40294
1.28868
1.66053
1.62392
1.08401
-1.00344
-1.03247
-1.00294
-0.997588
-1.00025
1.01319
0.999813
1.95806
1.94764
2.06569
1.48273
1.21939
1.35979
1.00199
1.00031
1.01733
1.34625
1.49586
2.06709
2.25269
1.99322
1.71328
1.5902
1.62578
1.38899
1.08504
1.38829
1.55601
1.30543
1.28734
1.16808
1.09782
1.43969
2.04633
1.94304
1.45989
1.15957
2.06619
0.998347
1.53234
1.06558
0.998445
1.23152
1.58693
1.94706
1.36794
1.42974
1.44354
1.43144
1.29415
1.48046
1.17038
1.42002
0.998197
1.52546
1.32677
1.06902
1.38707
1.4422
1.30446
1.06153
1.16787
1.27692
1.26773
1.49166
1.07177
1.32832
1.48847
1.38345
1.11074
1.31138
1.31177
1.29329
1.14601
1.6883
1.13529
1.19445
1.38798
1.27685
1.25902
1.28373
1.18856
1.38583
1.24354
1.47479
1.07085
1.32611
1.45013
1.37641
1.18294
1.39724
1.27479
1.45208
1.19001
1.43488
1.16782
1.20779
1.33273
1.28529
1.32665
1.35598
1.13302
1.60484
1.30077
1.47063
0.998316
1.13053
1.16403
1.46797
1.18113
1.30891
1.00202
1.11815
1.33923
1.49479
1.19772
1.25592
1.15987
1.27082
1.26214
1.21923
1.07085
1.39215
1.04616
1.41056
0.999698
1.19365
1.3154
1.23492
1.19907
1.28984
1.216
1.62509
1.1139
1.27556
1.10206
1.10718
1.07322
1.5502
1.12112
1.42943
1.20742
1.21929
1.36458
1.29594
1.12866
1.24387
1.23968
1.33003
1.20469
1.16478
1.3839
1.44829
1.1079
1.50503
1.12897
1.12262
1.2912
1.15177
1.25574
1.25846
1.14752
1.61285
1.31397
1.53519
1.18935
1.23671
1.32282
1.56218
1.19015
1.50969
1.13493
1.39724
1.27849
1.29767
1.1002
1.0249
1.22529
1.30744
1.14797
1.33035
1.20367
1.36302
1.38745
1.53902
1.00688
1.3233
1.47676
1.12296
1.19802
1.39658
1.09182
1.39238
1.20798
1.62624
1.17874
1.41466
1.15285
1.5677
1.25932
1.36952
1.00186
1.33656
1.29905
1.36998
0.998772
0.997487
1.02721
1.40928
1.01172
-0.999672
-0.998564
-1.00423
-0.998009
-0.995548
1.42524
1.29988
1.30794
1.15518
1.10549
0.99452
1.13289
1.54747
1.99124
1.96201
2.11386
1.96044
1.57362
1.17193
1.06226
1.65353
1.26289
1.68718
1.89236
1.75757
1.4656
2.14015
1.61878
1.26737
1.73159
1.59938
1.31755
1.64348
1.59179
1.4948
1.59803
1.6217
1.35043
1.58751
1.56616
1.81323
2.11126
2.3135
2.13244
2.01153
2.12284
1.61344
1.92705
1.9889
2.22123
1.91667
2.28596
1.93161
1.07765
1.30802
1.87419
1.50338
1.9753
1.94533
1.62601
1.86567
2.23821
1.83691
2.15028
2.01948
2.0161
1.71072
1.67523
1.88444
1.76347
1.45184
2.10341
2.03526
1.74624
1.66372
1.77635
1.54918
1.71128
1.6632
1.5917
1.65156
1.52619
1.27804
1.63968
1.7064
1.68932
1.56943
1.75579
1.49893
1.5221
1.92081
1.3865
1.63927
1.72239
1.56794
1.52028
1.6545
1.57501
2.02815
1.70341
1.65594
1.77489
1.73346
1.447
1.58588
1.17786
1.57446
1.51072
1.41715
1.65722
1.81875
1.54905
1.58293
1.57441
1.34945
1.0204
1.45983
1.62441
1.55495
1.60513
1.77539
1.56699
1.63788
1.58541
1.61849
1.52799
1.71257
1.76976
1.75892
1.54957
1.2221
1.49058
1.73025
1.41804
1.66214
1.39429
1.46826
1.42714
1.94073
1.70226
1.78432
1.30107
1.46087
1.70459
1.61466
1.58374
1.71856
1.5382
1.42934
1.45142
1.90919
1.51191
1.94592
1.37567
1.37917
1.2392
1.64579
1.84212
1.55644
1.52132
1.54257
1.38074
1.62996
1.49984
1.89122
1.32752
1.53294
1.71257
1.92707
1.53393
1.89089
1.40303
1.68391
1.6441
1.53776
1.52731
1.58338
1.30393
1.469
1.59367
1.68666
1.79216
1.94896
1.77901
1.45604
1.34394
1.68583
1.518
1.60031
1.51679
1.40885
1.74131
2.06235
1.51294
2.05102
1.50468
1.30621
1.67602
1.84367
1.43792
1.92507
1.37178
1.36794
1.54745
1.53501
1.59551
1.7102
1.5617
1.36239
0.998288
-0.998081
-0.997274
-0.999322
-1.00446
-0.998033
1.87161
2.26116
1.80255
1.38565
1.70489
2.34009
2.02493
1.78091
1.75318
1.95507
2.16871
2.15735
2.03028
2.09119
1.7911
1.5179
1.56824
1.62359
1.60885
1.86466
2.02924
2.02052
2.15999
1.71558
1.22907
1.36966
1.68032
1.19113
1.60143
1.84863
1.7853
1.7821
1.75335
1.28951
1.22744
1.77676
1.86951
2.42339
2.13383
1.99891
1.73468
2.02229
1.80058
1.77618
1.55671
2.2373
1.58822
2.15112
1.81143
1.46059
1.82732
1.99375
1.81991
2.47269
1.99476
1.61343
1.96764
2.02415
1.66628
1.86061
2.14222
2.34474
1.76323
1.74478
1.78542
1.77739
1.42433
1.96966
1.76841
1.8094
1.559
2.00003
1.28105
1.34251
1.44133
1.4719
1.66836
2.01704
1.57517
1.5432
1.55126
1.87168
1.59904
1.72725
1.32699
1.92924
1.81607
1.62095
1.57711
1.61655
1.36461
1.73288
1.4528
1.98891
1.44076
1.51023
1.41753
1.68562
1.38948
1.60611
1.38179
1.97824
1.63378
1.41216
1.55111
1.43369
1.47429
1.64447
1.57615
1.98991
1.95008
1.93462
1.67761
1.67921
1.27838
1.53698
1.61219
1.88358
1.85234
1.47962
1.16075
1.55201
1.49329
1.59451
1.61929
1.97212
1.45145
1.71209
1.54512
1.6245
1.41092
1.67229
1.56509
1.84908
1.72214
1.60737
1.47814
1.66457
1.47741
1.57589
1.43537
2.19662
1.72848
1.57264
1.23481
1.30123
1.39066
1.45221
1.65919
1.88811
1.40178
1.63404
1.53253
1.52267
1.41227
1.56059
1.38596
2.15009
1.99171
1.60836
1.34507
1.66686
1.59804
1.53067
1.52106
1.83873
1.62682
1.37971
1.21836
1.57682
1.53333
1.88764
1.82763
2.05936
1.32622
1.49114
1.51092
1.68974
1.66512
1.69057
1.38722
2.14524
1.85145
1.63252
1.29182
1.43154
1.42578
1.79342
1.53887
1.99184
1.56454
1.38372
1.44563
1.29448
1.35823
1.4719
1.50704
1.96397
1.52271
1.54379
1.68543
1.83085
1.57348
1.72296
0.998537
-0.996367
-1.0018
-1.00071
-1.00319
-1.00167
1.00242
1.00005
1.50278
1.24997
1.47155
2.02
1.86331
2.30758
2.0067
1.69742
1.64146
2.14622
1.92076
1.80484
1.00106
1.87787
1.89466
2.14013
1.96557
1.56096
1.39777
0.99731
1.0503
0.998821
0.998781
1.11294
1.00238
1.00459
1.00192
1.00265
1.03721
1.69487
1.58875
1.42806
1.8335
1.42648
1.03689
0.996851
1.10842
1.00971
1.00278
1.1239
1.09807
1.4196
1.57459
1.41969
1.50814
1.8918
1.28401
1.80271
1.78843
1.64499
1.39356
1.3217
1.59967
1.72606
1.15433
1.62374
1.22704
1.8506
1.41027
1.00034
1.17176
1.74053
1.81372
2.07112
1.71488
1.81672
1.45256
1.7237
1.19444
1.06361
1.22114
1.49341
1.65335
1.59062
1.40633
1.67201
1.36537
1.21876
1.07201
1.00138
1.27981
1.48707
1.12124
1.04462
1.37727
1.55427
1.09858
1.14528
0.998339
1.38374
1.46124
1.2016
1.33872
1.27235
1.0268
1.14329
1.28642
1.47183
1.39761
1.00289
1.05592
1.1712
1.32749
1.28814
1.43539
1.75864
1.42582
1.13501
0.99819
1.51907
1.09301
1.28092
1.16422
1.53601
1.29872
1.09238
1.18843
1.1252
1.00288
0.998426
1.33469
1.31482
1.00261
1.16922
1.0001
1.2674
1.49943
1.82327
1.48404
1.38975
1.16771
1.32882
1.29087
1.43597
1.106
1.37295
1.20079
1.50541
1.54456
1.51731
1.52379
1.35452
1.119
1.43508
1.48753
1.58371
1.21763
1.27313
1.0227
1.00289
1.15553
1.37834
1.38732
1.38201
0.997443
0.995677
1.28494
1.72827
1.45567
1.14194
1.19921
1.36064
1.29705
1.37551
1.26442
1.20649
1.10239
1.41985
1.18818
1.35627
1.01411
0.997727
1.09269
1.20253
1.30922
1.40927
1.30777
1.32654
1.04384
1.05675
1.34908
1.4329
1.30628
1.25605
0.996947
1.88642
1.23083
1.55595
1.49278
1.00423
0.996687
1.23192
1.30255
1.46538
1.23195
1.11515
1.14538
1.00101
1.00257
1.2956
1.68161
1.55755
1.0409
-1.00337
-1.00003
-0.996723
-0.99692
-0.997598
1.34862
0.997652
1.22911
1.64355
1.57149
1.5829
1.38346
2.11049
2.00432
2.35399
2.34505
2.08962
1.67332
1.76803
1.68794
1.97826
1.48799
1.74655
1.41164
1.92773
2.51045
1.98685
2.03111
2.3885
1.80381
1.87384
1.90815
2.21033
1.57851
2.0676
2.40786
2.0187
1.7384
1.78355
1.92026
1.53653
1.80687
1.61145
2.39121
1.35016
1.41428
1.44577
1.1652
1.78437
1.61065
1.50369
2.21774
2.08424
2.0504
2.04167
1.96504
1.46157
1.83027
1.68333
1.54942
2.13392
1.61631
1.33925
1.49713
1.83536
1.84524
1.67814
1.44181
1.42442
1.34902
1.20589
1.10571
1.62866
1.35805
1.1644
1.2188
1.47
1.44032
1.73854
1.47001
1.30059
1.36482
1.25348
1.73875
1.62673
1.61848
1.37397
1.61177
1.80706
1.52386
1.85439
1.60675
1.37427
1.43081
1.46101
1.24047
1.55508
1.57734
1.23568
1.78975
1.72709
1.6042
1.61324
1.50044
1.23414
1.38153
1.38689
1.82657
1.85317
1.62717
1.40408
1.34788
1.48378
1.30949
1.64387
1.53239
1.48568
1.55472
1.40734
1.34816
1.47868
1.45058
1.27808
1.77079
1.66433
1.43247
1.60327
1.52848
1.29337
1.32259
1.19624
1.6406
1.79423
1.75758
1.37144
1.62313
1.70557
1.68616
1.64683
1.49473
1.35262
1.56966
1.65169
1.22605
1.65122
1.57577
1.29541
1.61893
1.6321
1.48673
1.73026
1.61251
1.21472
1.42713
1.2801
1.91545
1.6163
1.524
1.36173
1.46755
1.69373
1.29015
1.72425
1.52242
1.50824
1.41455
1.31161
1.27959
1.62791
1.56414
1.30158
1.78268
1.51376
1.54889
1.39013
1.40031
1.28745
1.3955
1.37617
1.66045
1.87218
1.73304
1.4088
1.48903
1.59912
1.5505
1.80234
1.60565
1.36392
1.58662
1.55627
1.3159
1.41249
1.47519
1.2264
1.77278
1.85034
1.48167
1.81161
1.62731
1.2356
1.28629
1.19678
1.81932
1.76927
1.65613
1.35648
1.49855
1.58082
1.00261
-0.999896
-0.996373
-0.996633
-1.00359
-0.998127
0.996232
1.00221
1.00212
1.00314
1.17178
1.69518
1.78042
1.44498
1.00315
1.06816
1.51551
1.9847
1.16964
2.01171
1.60386
1.28178
0.999719
1.30007
1.81936
1.31977
0.999164
1.00174
1.18113
1.37216
0.998359
1.91744
0.998411
1.02559
1.60786
1.66864
1.87001
1.79462
1.26451
1.31747
1
1.44613
1.67347
1.30983
0.99817
0.997949
0.998062
1.08603
1.47563
1.4346
0.996591
0.995013
1.20701
1.51631
1.50802
1.27557
1.00412
1.18286
1.39864
1.47537
1.70996
1.24952
1.37609
1.14683
1.2611
1.48773
1.76119
1.20935
1.02653
0.998472
1.00373
0.99875
1.4083
1.25146
1.21839
0.99718
1.13964
1.64431
1.83314
1.67177
1.23132
1.01682
1.40704
1.38456
1.38673
1.66716
1.1532
1.00275
1.28054
1.5783
1.6138
1.14923
1.28147
1.00304
1.00132
1.01406
1.22774
1.22619
1.35659
0.997721
1.12394
1.41885
1.75473
1.52568
1.33239
1.29016
1.28441
1.74158
1.45023
1.44823
1.47137
1.00323
1.08891
1.42264
1.43104
1.38109
1.20229
1.09525
1.03243
1.25369
1.18349
1.09118
1.06398
1.11131
1.05248
1.39359
1.29268
1.37527
1.17806
1.0009
1.43116
1.15851
1.16243
1.11348
1.05453
1.07383
1.045
1.12643
1.26579
1.14227
1.00334
0.99874
1.04481
1.14521
1.44326
1.3388
1.37872
0.99547
0.996486
1.25667
1.11168
1.13463
1.15022
1.17178
1.33759
1.33916
1.61571
1.80455
1.2133
1.23813
1.29783
1.46498
1.5834
1.11943
1.10627
0.999245
0.996711
1.3295
1.45034
1.15785
0.99641
0.996097
1.09397
1.56083
1.88287
1.26383
1.13679
1.18435
1.28904
1.46152
1.29669
1.17737
1.16644
1.09985
1.30877
1.17463
1.50825
1.41828
1.03241
0.997888
0.997924
1.00205
1.18685
1.40506
1.00212
1.00105
1.32027
1.74322
1.90505
1.42582
1.16363
1.26252
1.34287
1.4394
1.34997
1.65569
1.08137
0.997515
1.44203
1.67021
1.44614
-0.996867
-1.00189
-0.998772
-0.998473
-0.998029
0.99906
1.31796
0.999769
1.96457
1.56272
1.58477
2.40488
2.31624
1.17799
1.76283
1.33551
0.999267
1.20084
1.00473
1.58448
1.86659
1.58082
1.78211
2.15784
2.00002
1.87183
2.19628
2.00884
1.41138
2.38597
1.55256
1.12208
1.58986
1.76348
1.94781
1.90135
1.70947
1.35078
2.05924
1.66475
1.91603
1.56251
1.73271
1.62923
2.12186
1.72301
1.52043
1.67849
1.67694
1.43751
1.97006
1.56795
2.06411
1.9107
2.11084
1.99785
1.47114
1.51753
1.94772
1.87219
1.87297
1.75057
1.67702
1.74946
1.76546
1.52791
1.43541
1.63401
1.82687
1.18287
1.3518
1.84089
1.93465
1.6092
1.49041
1.56789
1.52781
1.6933
1.79953
1.48933
1.55195
1.40093
1.64689
1.63135
1.54813
1.48513
1.29746
1.31234
1.38418
1.54894
1.41161
1.15963
1.29362
1.30656
1.70072
1.61932
1.28925
1.32012
1.54418
1.22054
1.61677
1.437
1.39617
1.54187
1.52613
1.1789
1.43564
1.76832
1.54789
1.45364
1.58252
1.17123
1.38073
1.70094
1.43406
1.45122
1.4357
1.46029
1.55112
1.47762
1.30623
1.07227
1.42061
1.20688
1.37937
1.59628
1.34627
1.24974
1.51655
1.41241
1.45255
1.36523
1.47037
1.31169
1.39918
1.48551
1.62234
1.62836
1.35145
1.14078
1.47969
1.22133
1.44472
1.61607
1.45917
1.39375
1.33137
1.50301
1.72825
1.55562
1.31307
1.32154
1.43036
1.55662
1.67334
1.63405
1.35754
1.4461
1.30677
1.07303
1.57899
1.60701
1.487
1.40768
1.47971
1.3969
1.74087
1.59845
1.43739
1.00412
1.53548
1.19877
1.49487
1.79458
1.47704
1.47469
1.485
1.60016
1.5672
1.55279
1.75491
1.30306
1.39779
1.35915
1.44603
1.51404
1.37382
1.10797
1.46309
1.33121
1.8611
1.45169
1.49301
1.46172
1.36084
1.47281
1.41634
1.51426
1.58405
1.31931
1.3836
1.33852
1.66909
1.78418
1.54146
1.59063
1.3488
1.38905
1.4114
1.00054
-1.00139
-1.20017
-0.999764
-1.0004
-0.9974
1.0025
1.43838
1.85511
1.79917
2.32663
2.29233
2.08756
1.85838
1.60721
1.06252
2.07688
1.25607
1.49353
1.64129
1.49225
1.06963
1.80465
1.61124
1.60319
2.21699
1.94872
1.29597
1.533
1.71661
1.81696
1.11778
1.43076
1.53115
1.57101
1.00017
1.14207
1.23487
1.57509
1.37455
2.02178
1.29062
1.34597
1.44925
1.3409
1.18433
1.6439
1.33991
1.70972
1.48653
1.52619
1.12089
1.55917
1.35933
1.54479
1.38902
1.71633
1.39374
1.70856
1.30038
1.34825
1.11207
1.15102
1.20229
1.79663
1.38348
1.57699
1.47298
1.41845
1.14762
1.4505
1.12574
1.66952
1.59414
1.32383
1.10007
1.31914
1.05622
1.59703
1.37506
1.64189
1.14522
1.47226
1.15724
1.36376
1.49995
1.56736
1.44229
1.97635
1.36822
1.46463
1.23098
1.13962
1.085
1.52225
1.32409
1.33267
1.4632
1.73556
1.11982
1.53013
1.05802
1.31603
1.31151
1.81217
1.39545
1.58056
1.33623
1.44606
1.27341
1.30502
1.12381
1.56302
1.32595
1.43204
1.25875
1.38566
1.22287
1.71276
1.27547
1.71105
1.31538
1.3084
1.24964
1.35339
1.26163
1.48809
1.4045
1.78492
1.23608
1.6511
1.05095
1.19246
1.29008
1.54302
1.36424
1.84516
1.26425
1.55393
1.42148
1.21041
1.03565
1.34656
1.23502
1.58099
1.56366
1.5591
1.27145
1.70405
1.18681
1.41404
1.19722
1.52835
1.45086
1.33558
1.46324
1.38814
1.32023
1.63085
1.18751
1.82489
1.18286
1.34023
1.29906
1.4042
1.21392
1.56753
1.22481
1.91535
1.50607
1.36977
1.08692
1.26518
1.08755
1.39241
1.37514
1.68847
1.34999
1.75998
1.24348
1.35102
1.19899
1.31198
1.3158
1.79725
1.42582
1.48535
1.47745
1.45788
0.999757
1.56839
1.1262
1.39631
1.46952
1.52991
1.21419
1.50335
1.0167
1.57152
1.3713
1.56472
1.2442
1.31057
1.31232
1.30634
1.34638
1.5326
1.33843
1.93197
1.40526
1.20323
-1.02666
-1.00169
-1.00213
-0.998537
-1.00186
1.39876
0.999551
1.00041
0.999616
1.29364
1.00341
1.46589
1.81144
1.30834
1.10665
1.00022
1.09515
1.6207
1.0005
1.60989
1.51953
1.00357
1.28522
1.46862
1.66326
1.00794
0.999496
1.39306
1.6881
1.72488
1.45159
1.66491
1.49207
1.73971
1.2924
1.65856
1.49581
1.35607
1.36919
1.22886
1.35873
1.37056
1.2743
1.36955
1.26605
1.38295
1.26538
1.2335
0.996983
0.997843
1.29541
1.31081
1.28503
1.2324
1.05914
1.0966
1.22436
1.30031
1.20359
1.09218
1.54498
1.086
1.19113
1.30293
1.01255
1.12913
1.19736
1.31634
1.49183
1.23746
1.07803
1.18836
1.22096
1.16543
1.03375
1.10144
1.32263
1.08725
1.24353
1.10651
1.22919
1.21791
1.18078
1.13301
1.2426
1.24432
1.15485
1.24393
1.2481
1.11805
1.10956
1.09085
1.49222
1.1643
1.10663
1.23674
1.2395
1.15065
1.259
1.07663
1.39188
1.14831
1.07905
1.0001
0.999362
1.23821
1.10101
1.36451
1.41838
1.00458
1.00285
1.00416
1.08966
1.17779
1.19917
1.07609
1.40809
1.16565
0.997496
1.00017
1.18104
1.19691
1.26087
1.27487
1.26805
1.23417
1.21999
0.999764
0.997673
1.00435
1.09022
1.23094
1.41291
1.18724
1.23609
1.28393
1.09052
1.1369
1.2492
1.09411
1.3587
1.12244
1.16047
1.11404
1.04065
1.31233
1.10919
1.16612
1.39804
1.10053
1.14547
1.1542
1.36042
1.30612
0.998993
1.19055
1.40234
1.17738
1.31368
1.21926
1.00853
1.33015
1.38696
1.15921
1.28956
1.16383
0.997667
1.1495
1.19931
1.08865
1.19564
1.22186
1.2099
1.09792
1.10568
1.13006
1.12702
1.30674
1.2213
1.19286
1.53795
1.16155
1.08977
1.22278
0.997734
1.12681
1.26939
1.25603
1.51928
1.2695
1.09817
1.0369
1.19018
1.14158
1.12154
1.35051
1.39309
1.23335
1.08703
0.998815
0.997478
1.16741
1.27579
1.16793
1.34782
1.08866
1.04316
1.16399
1.0625
1.00255
-0.998281
-0.998189
-0.997575
-1.00318
-0.999071
