202222221102012101222202121 77
120002010022012001020012220 68
000211200001120222101210222 57
010211112112201220222010202 31
112221102122110211002101001 25
202212111212120121022201002 2
022122221122120111222011112 19
012221111002002221110220221 62
012021110000212220012011011 19
212022001221021011220002120 94
111022202012210211120011200 88
200020220122121220200122010 72
222202111000000211120211000 44
111212122210120111110100022 67
101021020010202201120222101 99
012100020212212010112112102 75
201121002021202102201121220 11
022202122012001002101000122 94
022021000020021012011012100 90
212220212111002211120100112 21
000212211021210002110101222 36
020220021100222021002101000 14
120022111021112110001101111 9
011002101200020121220200111 0
210101211100100220011012222 32
101111202112222112020222212 78
022222121221212221000221002 4
201002012110121112012020211 48
012010121202002121212001022 2
202121102002010000222012122 56
101222201220000201211110110 9
220000021120020010002020221 34
111200210020101120210200001 65
210010201102110112200010220 24
200020220011111002120001200 57
021120011022210111000002101 10
112112000021012111212202100 12
220010001010020101222021000 36
212222021010222201120110111 26
100101022022121200210102100 41
121120111121111120011102201 75
012111002200110011022120100 14
220011200210101200022120110 14
020222111122120112120100220 42
020201121102101110202000001 27
202102021212201021012220201 17
120202101202202121012222121 95
221001222121020121201111200 0
101002021112011001010120011 3
020110120110001221200020221 6
011212020120000000020110101 0
211021120211010122210220111 40
100210121120222111111120002 38
221202200202112202020010112 8
202112000211102121000120112 82
022221001120010211222110010 11
012200001222222221202010221 6
002010002000211121120111222 36
220102020122100002211122210 55
011211120102110120112020021 84
112201202012010111212222020 35
200112012022200212101010111 32
222121120110011100110120120 9
002112001222210120201200010 57
211120221212220200102012010 21
001121221222100200021010222 0
110120001100010022221101100 28
121002101222122020201002121 88
021211002020101020220210122 86
102020112122022200121122211 48
022001110122000022220111012 30
111201122101000012202201212 13
121111001212210222220210221 37
120211102121012101021102211 28
011201222110202000011101121 36
110012112111110201200100111 13
112220000022100020221200212 3
000201212001022001022200112 25
102020001221202001210021111 1
111121222000022200122220200 40
202202000100101100011010001 79
202020110221002112200201100 44
211020120112101112121000222 15
020210222112002112020202120 0
022221022002100001121112111 5
222221221101022210010202020 48
201011001122221222221011002 7
011120002210112012001112001 72
200011012002021010212000020 98
221212000200110200102021102 51
200111121010010221100210221 70
001121221021122022221100001 38
021121100202102111001002011 27
122221212012111100121020122 69
122110222110120211010100111 15
012012110210210212112201012 30
110112020100102102211100212 20
210212211201100011222002211 72
200010000102001100221120001 79
020010222221210200011001222 25
221112121100200121222112110 27
121221221020000202220110121 36
112002112200010010002101101 30
110201222102112022010222221 70
001212122200002011021100121 82
112011211221110000121101010 98
101101021211221110211121001 86
201211212010001200221121021 0
210101021201111220102101121 39
102012110100200020210022220 58
021110221020100212011102110 92
102020211121022222122020001 31
122100120220000112022002121 28
201211221221202211202120111 59
211211110002022010120200010 91
002000111122022022012212120 82
201021011020221222101000001 1
101202012000012012220200001 1
020010101210202221010011000 92
122220122212022001122200122 80
121122121002201002211211011 2
001000100001002010112010120 52
011212211200112222212211212 33
122220010222010101122120112 53
200012022202102211020011012 1
122012012020001011200210020 40
111012002101101102201121121 22
011120020002222102002221211 65
221102200210111111101121122 95
222120020020220212120012200 50
002120100211002022200120110 15
210121211212010111120210202 62
212211122120101201202201000 25
201011111201021121010100120 70
221210022202200110021121110 67
020222111100011022002222020 69
022111210111012112021010211 94
021112221000001001101112002 16
010002122100102121010202202 48
220022202110111110010020121 81
101012001222200022102202122 95
101111122211001110122012022 0
201021012111021220001122110 32
221221000120002001001102220 64
201012210002011220021221001 52
111202202000111111100201121 83
202212210121000222022202002 40
122212221101220020122212001 16
202001002122100122102012110 1
000202201020120010201020122 44
