1303200320121103303030201311010210331123101211201101121212023003	0.671875
1103233321313023211332211232000210133021222120002201022101311332	0.703125
0133030132200000320101302012232200212322332332000000130331110303	0.640625
2330232310230333132321011123101333310111101120123322023101112201	0.671875
3202120010220311333022122021303233302103221213012310122021121000	0.6875
2321222211000231312322232311322030112313011100201322000131220020	0.671875
1011122132030103323132333331123330002221121131023333122021130123	0.671875
1011112233230032202333120213303000111031310310130323231212102002	0.734375
3313200303220222031002223121122113000130322300203323122030112322	0.671875
0322230203023002232000321213003001221301200200033233222013310210	0.65625
0322230203023002232000321213003001221301200200033233222013310210	0.65625
0322230203023002232000321213003001221301200200033233222013310210	0.65625
0130031013311010311133312200322301300101033130121330222012000230	0.6875
1110230033211010333332110011312033012012033130130023230232323122	0.6875
1033312113113200321032320321210310301112013030032131020012100232	0.71875
1322022311310010233113123120013210010201032303322333232120221102	0.71875
3213232300001231332030231312032333213033033112201011132223020030	0.65625
1113203222303221001002121223000131012332131013223323131220122103	0.703125
3013333331330012313231232311301213102031121322013032112313100223	0.640625
3033203122230001332222211232213122002020003300023321102231013320	0.671875
3131211323021300233310222310003313130232131221201132220012112010	0.71875
2101130023131101013122002331022232301010323030201110020213011201	0.703125
1302201103312110000022123031230021201312013020020132300201330030	0.640625
1303332030132310033022101110030130123322331122232030200011011020	0.703125
0231211301312003233122211212030013130230021222103022203021230222	0.65625
2233222012303012331321030301020301230021211122312100203233301033	0.71875
3120002211310322113220022010201223223000232230001023021223213031	0.65625
3120002211310322113220022010201223223000232230001023021223213031	0.65625
3332221213223210331323102012001331223301233111100232113310210300	0.703125
1332123300031003333210223012320013332202211311301222213210012013	0.71875
3332221213223210331323102012001331223301233111100232113310210300	0.703125
1332123300031003333210223012320013332202211311301222213210012013	0.71875
Average: 0.683594