
012000201220222221101120221 0/100 bad3
120210112211020220101102121 0/100 bad2
200200112112220200011001222 0/100 bad1
212122200201100020112221201
121200012120101210102101021
021212112221021002000021012
110022020212202002122020122
221210220220221212220112122
111101200000220220122112101
211110121220110110100220201
202101012002012021000120220
220111021201111112111002022
021110012112110212021111221
221200000101120002120010222
021121012122102010120011122
112021211020220000010000101
010202212011211010012121101
211010111200121220201201101
221021200002120100010010202
102221011212020202000102110
111021021000102101122100212
121022102012222102002212111
002222122012021200212012001
122200101110020020120001200
101212002020102012122112010
100020100000110211120000021
020021121212222111112022112
120022101011210110021002022
000220202020222101110102000
002201110111210020000222200
210211010121220012112222011
002020101012020122221212102
101212222210121120112112210
022200002022121100022121202
200100001011021010121201120
011001212220102012220010001
201202010000010221200202211
022112200212122211200101222
220122121022122011010211001
220222002111200210122000100
220110210221101001100012000
221210202201001211022110212
122211111102210010102011000
022112010021220211022111122
021010120001201101100212021
100110022201221110221211210
210001202000201020201212101
022122212000102102010100012
222102122010020201221122101
022222012002211020111100000
121200111012012000210012220
021002022011222101110201022
012012002202211111101020111
221020212222210212000100010
122212121112002220221200211
121210102110201211211221112
101011122200002020222110002
201112201110122202102222110
212210101001221001001012222
