
1012122230020303102111230230333031313133131121101312031011010013
1231012123122303100113231201323113210023001231101212131311010021
0101302011203120301133032020311321021322002321311120023321313001
2133022020301312032021303222323133031233330021321123323201030303
2133323213330211300220021021021230232110003021221203211013112201
2201321320311132031203222030232112200333330103302133011210300111
3320213103212210303320131031102130112032313131121113133232313222
2300333202303021100333122131313103232113303311021010033202330200
2200313322230211232221023313210000031023202220013231303230211211
2213233001321330131030220002213030010320012202211010032102320233
3313233201003310320313011301231122001321031022010101013103322030
2303220311333303010023222110100300223210300200101113132303013003
1220030300101202312000003012012130133223233310211012012310121331
3103332122102313321300210331332203132000210001330120101101230110
0332332113110010130202303233303332121332200311320010200123010303
1122111321232212223033113133032110322010103320203102013322222133
1213323022003202300313332110203030322321121002232230223031021320
3121012230202130320100101122003311122302322131230200220332202130
2021023301102332133013312110200112210101211000323221112333013020
3013120331001321102210203222203110122122322010120301322200130001
0103321203213033330322122213220330222302233132022010332110002131
1100002232320312322211031033120330331110303030222110213312230223
3120230233223002112321203033312220203222200110322120200113000222
2031213023230112332103312313231030212120103110300120011302221330
0112232331011311131102010231221233022212323010220300201231013133
0313121000020200201012203213002033301002000130111212132023323122
0222220320010121033131110133211333121110111120323232013022000133
1012122230020303102111230230333031313133131121101312031011010013
1000203330122223132133200210230330010310022200113322303330013013
0101011033233002331230220200213223321030310210113233211231212100
1332022332213322111333120003103232030330111003310003312012332211
1211101212311222221233211103311032202333220302120303220030332031
2120113333231011321101102130121003010003322120212332102311330030
