202222221102012101222202121 77
120002010022012001020012220 68
000211200001120222101210222 57
010211112112201220222010202 31
112221102122110211002101001 25
202212111212120121022201002 2
022122221122120111222011112 19
012221111002002221110220221 62
012021110000212220012011011 19
212022001221021011220002120 94
111022202012210211120011200 88
200020220122121220200122010 72
222202111000000211120211000 44
111212122210120111110100022 67
101021020010202201120222101 99
012100020212212010112112102 75
201121002021202102201121220 11
022202122012001002101000122 94
022021000020021012011012100 90
212220212111002211120100112 21
000212211021210002110101222 36
020220021100222021002101000 14
120022111021112110001101111 9
011002101200020121220200111 0
210101211100100220011012222 32
101111202112222112020222212 78
022222121221212221000221002 4
201002012110121112012020211 48
012010121202002121212001022 2
202121102002010000222012122 56
101222201220000201211110110 9
220000021120020010002020221 34
111200210020101120210200001 65
210010201102110112200010220 24
200020220011111002120001200 57
021120011022210111000002101 10
112112000021012111212202100 12
220010001010020101222021000 36
212222021010222201120110111 26
100101022022121200210102100 41
121120111121111120011102201 75
012111002200110011022120100 14
220011200210101200022120110 14
020222111122120112120100220 42
020201121102101110202000001 27
202102021212201021012220201 17
120202101202202121012222121 95
221001222121020121201111200 0
101002021112011001010120011 3
020110120110001221200020221 6
011212020120000000020110101 0
211021120211010122210220111 40
100210121120222111111120002 38
221202200202112202020010112 8
202112000211102121000120112 82
022221001120010211222110010 11
012200001222222221202010221 6
002010002000211121120111222 36
220102020122100002211122210 55
011211120102110120112020021 84
112201202012010111212222020 35
200112012022200212101010111 32
222121120110011100110120120 9
002112001222210120201200010 57
211120221212220200102012010 21
001121221222100200021010222 0
110120001100010022221101100 28
121002101222122020201002121 88
021211002020101020220210122 86
102020112122022200121122211 48
022001110122000022220111012 30
111201122101000012202201212 13
121111001212210222220210221 37
120211102121012101021102211 28
011201222110202000011101121 36
110012112111110201200100111 13
112220000022100020221200212 3
000201212001022001022200112 25
102020001221202001210021111 1
111121222000022200122220200 40
202202000100101100011010001 79
202020110221002112200201100 44
211020120112101112121000222 15
020210222112002112020202120 0
022221022002100001121112111 5
222221221101022210010202020 48
201011001122221222221011002 7
011120002210112012001112001 72
200011012002021010212000020 98
221212000200110200102021102 51
200111121010010221100210221 70
001121221021122022221100001 38
021121100202102111001002011 27
122221212012111100121020122 69
122110222110120211010100111 15
012012110210210212112201012 30
110112020100102102211100212 20
210212211201100011222002211 72
200010000102001100221120001 79
020010222221210200011001222 25
221112121100200121222112110 27
121221221020000202220110121 36
112002112200010010002101101 30
110201222102112022010222221 70
001212122200002011021100121 82
112011211221110000121101010 98
101101021211221110211121001 86
201211212010001200221121021 0
210101021201111220102101121 39
102012110100200020210022220 58
021110221020100212011102110 92
102020211121022222122020001 31
122100120220000112022002121 28
201211221221202211202120111 59
211211110002022010120200010 91
002000111122022022012212120 82
201021011020221222101000001 1
101202012000012012220200001 1
020010101210202221010011000 92
122220122212022001122200122 80
121122121002201002211211011 2
001000100001002010112010120 52
011212211200112222212211212 33
122220010222010101122120112 53
200012022202102211020011012 1
122012012020001011200210020 40
111012002101101102201121121 22
011120020002222102002221211 65
221102200210111111101121122 95
222120020020220212120012200 50
002120100211002022200120110 15
210121211212010111120210202 62
212211122120101201202201000 25
201011111201021121010100120 70
221210022202200110021121110 67
020222111100011022002222020 69
022111210111012112021010211 94
021112221000001001101112002 16
010002122100102121010202202 48
220022202110111110010020121 81
101012001222200022102202122 95
101111122211001110122012022 0
201021012111021220001122110 32
221221000120002001001102220 64
201012210002011220021221001 52
111202202000111111100201121 83
202212210121000222022202002 40
122212221101220020122212001 16
202001002122100122102012110 1
000202201020120010201020122 44
110001011211220220212010220 31
111011121111010221002221021 48
110202110101202000201001210 0
100112222022101020010210210 24
022222002022222002022222110 49
002010222022111020112220210 18
111201112100221021110220010 24
020020100010000001002222111 54
020220220220212211120010110 55
002210102022100100221102001 41
110020202021221000102021021 79
101011111001101222201100221 30
022102222221102220120110112 6
121211120100222001200121101 77
200101010200010201221100111 3
222220002100210211210021122 40
222121110112212220020012212 39
100112001022121122110221111 58
102002101200002100111010221 0
221012112202212111220121000 83
000211222011101222201200221 53
101111211222011021210211212 38
220102022101002111000110021 26
112200122111222001011112121 88
120112021002220000120100101 99
212020212012020122001011022 4
200022200001121200012011011 2
110002011212020212000112011 12
110121110220220200020001121 10
220122102200020221211221102 82
101010211201211202000021002 7
211222012022101112002200111 51
110212110110110112212012222 80
022222120222112011212212011 9
112122111120111020111021012 18
001010111001022222122101212 51
221001122101010022120201200 26
112000201101001220212021221 80
000120100122122020201100011 51
021212100020222000120001220 61
122122102122122202210102202 88
201101021222220012220000120 31
211112201120121110210220201 49
010002212211111200001000001 93
102000120112002222201112222 87
100121012111021112100010102 99
021222022022111022000010001 65
121211010221122211111002210 45
102001002022212111121212021 15
122201002111210012212102000 12
210112000210220110222122102 30
222100111202220112001122120 27
101221220111001010121111211 8
022112000221220001121020211 65
001202021020011102012010111 72
020020000101022221122202012 23
221111011122002122000021000 99
002021101211100211210101021 67
010202122020110022000002221 63
000110000010121012120212210 96
100201112212010110212220212 4
102020112012111212220010011 78
021112012121221201022020102 91
010000001200212120211002011 71
200211212222110010200122220 29
222120200220122002102020222 69
101220112210021011112222202 28
201000010021222202100120110 24
012111212000210212200220120 93
200222200102221201001101212 43
110101222000222101012010000 96
212121102220222121210121102 26
111202210201001202200022200 27
020220002122020011000102202 0
221002210110001000010012211 17
220000120002010000222010122 44
012211100100012211100100220 26
210202111120212010111211221 22
211222012121112212200021000 54
221111121101021201211221100 27
200020020212110221000122222 79
222110200010020221011202212 53
200021201101101011221200021 57
211020202111000001120202010 34
000121020011010112011112221 71
011220101102221100120022022 75
202011210002020000202010002 98
022210101122001011122202011 87
001202202202022220212202000 13
102222111022101001211111120 16
021212011011002102111112101 99
210202222021022101220100021 74
222202012110210121022221212 67
012020120012221210020220222 28
210012201100112020120120201 41
111121110201120210111100210 25
002202122100210100102121021 60
121220012122211110122002112 27
021210122012120011122202212 20
101202111110100222020202120 2
020020100212001002200022102 0
010211222110122200110011220 41
210022020020020210222111221 12
121101011202021020120100011 72
112001111020001111001210121 5
221221201210220221020000112 35
021201221212002112201201111 18
101210021112221001212210200 20
111221122201111220111022121 49
022101102202011202010002010 53
120010120201111002000202002 90
002022202020112200122020222 97
020002100102022112210200200 31
200010001201000201122122011 25
121221121121202111201211221 30
020200001111221212022122001 48
111122022011100210212100222 25
122010120000220000022100021 94
012000122202121212200200000 68
112220001122200202101120022 0
111022011011222210020000111 75
111021010202121102012120020 8
222201221112120222222111200 89
022100100212200012211101021 38
010101121102222200220100120 72
201212111001212021221111102 0
011012201020022212222200011 49
000211101200010020011211011 51
120111011200100122021112101 73
201221221222212120212111010 76
210121202010220010012001002 0
101112201002121121010212101 4
001022211011000102021100002 26
222002110222010010111201200 6
021100010202200120022201220 78
222002021011011220101101221 13
212120210100100101001110010 3
122002121111020021110100010 32
222211001210201202020001001 50
210120010222001021200010202 82
002011000121001102120002020 0
200020001112012201112102200 18
220120002020102022221111102 0
210201000120010111221001001 42
212202212120202022100220200 69
112002220222101202102200122 2
112012210000002102100012100 69
211012201200102000221122002 21
000210001001212102121210011 20
000112111120002210102101020 54
021121001002111222011012201 53
100202010021211212001022010 68
200202121000211000000122110 53
112121122100000022200210111 80
201220200012010110010211222 68
221121122000122221012022002 8
212020012212222202020010011 16
222122100121221122210212010 66
102200100220101122112012102 69
111200202000101022020120200 80
001000220112120101020020122 26
002202210112222101221211122 77
211112000000001211221112222 13
221122101121022222210012020 21
122111122200102211021012211 4
222112002001000002022221221 22
100212222122022101002011102 52
200100020100121120100011121 7
121101121020121112101111011 26
201102210002020112002020102 46
220122110100210202100120222 54
112101202020101212100102112 15
202021120120220220012122100 63
120201001022022110221110200 75
012212220201112002100021022 30
221021101022120102022221020 45
102202200212110200202010101 98
001222212201000001000210112 30
222121110020010210021112211 36
211102212222220011001002120 41
100110122201010001201111212 78
122202001122122200122200212 63
202112211202121122202102100 39
211102000100022212220022100 22
021021101222002010112112212 64
002212112002111001102220110 60
111202020101020000020121002 0
000222001012000022222121102 0
021000100002020211010010202 4
010122220012221011110021101 79
101100020111120201211201200 54
202211012110000000002200202 96
000021202001120002200021020 68
110200001201001202122110121 34
002202121001121102002000022 78
212222221201120120021202010 44
020200102002200120000010210 55
111202201110120022110222021 29
221022222212121212012000022 55
000212122222121221020212020 32
120121210021110201112200012 42
010210101020110120121212110 47
020202120200012022110220200 47
011212222011200002010112112 0
100202210000120120100011010 75
002110022120120011212200200 6
210200222220021220012201212 16
111211121122211201210122010 92
211212100221001020200021002 14
012212111202011111212202100 28
011020022010002012012000111 0
010000222112111200002100001 90
001211002122212101222110212 37
211201000211122102222000222 44
002210221221021111000202001 48
221011110022012002212010002 38
100010121112101111000122000 82
111000011012100200201011120 57
112221200122211212221000001 1
110110111210221010221021120 68
201002121002101010011100201 38
202100102001111220202201202 53
121010122222222001010000002 56
200011102211022200202000222 48
002000101020000012122011220 57
221001102221111201002001120 1
022112211221021021020211010 47
202221010000001020212100220 42
201111112200100120210201222 77
111010201222102101110111222 57
112122221211022221000221002 34
111122111201110111002011102 99
220010021101220222100020020 67
110201010012001222211011001 93
020022001022011000000201122 19
022022202200122210021120202 26
012210211121110221012100121 2
220110102122122121000000120 9
100111212020222012001121010 47
221200202121122201202100022 34
210112002110001000120112120 34
222112110200021121010200110 76
212021022201010122012202020 18
220110212102201001120100211 80
100101020022120202012000220 76
000121120002121202010012220 91
100100120211211122220000110 98
221222020002210011111222212 40
020221010200112022212110222 88
110100000202010020121012200 28
102221022012120011221101211 26
010010100222012102020101111 9
002100222020100000211102000 95
021122112001110101111212211 51
221120112010211220120200120 57
220111101010022210121101011 0
112001002022212102101002000 3
122102220112211221201111102 66
201221200220102211111020200 52
202110222101001122122111000 66
121100110220222002120102210 20
012201121120021202120101001 44
102000020110201200020122010 55
110110011120212122101220110 30
000110011012001221122120110 91
002012020121120210200222022 20
111211000212022200112100221 14
000111102211212222012210101 16
101222111001000101002220201 24
222021210200012012022022021 7
202012001212122111110221110 44
112102100010012020110010122 89
200122221010010111110112211 27
222100200102011222212101102 90
102021112100222100001210210 82
011101200111200010010101212 98
200011001011210201200110112 95
111221001010020000202221021 1
120020002202012112212020112 10
010120022111102000020021010 25
211121220212122122201202000 65
000211220212010121211111212 53
211011222010002122010012212 21
200000220201212110111122210 68
122020112221101012222012011 21
122211201221021210121102102 70
000010202020000101021212101 94
121011022022222112220010010 14
122121202201001001121112002 76
211020110121111200221100011 3
222210120001211200221121012 56
001020002110221120122102222 42
201221010112111221102000121 32
222002201101101121000122201 6
102022222120021201211010000 99
221000002020211100121021002 18
110220220220212210110122022 69
101110212200220202212121202 10
220102120200022102010202201 99
122220001201210022100001000 92
110201220001111201012201000 38
010102022221111120111121110 26
021110100101202222022111202 0
222000221110112021210121120 39
222122211101002220222202220 29
010220220001120012120021220 28
102101211110001122012101001 80
212100210110211202010010211 84
022021001200100122221100202 93
010120020000020102020121110 71
121102101020220220200001120 53
022211001022102001000200021 23
222200220011121120101022210 76
120010000000000010211211002 0
000002220112220222111220221 11
111120021220110110101101111 1
112021112222220221012111221 78
110120101002000201222110010 16
210201220010012020012111002 80
010002210101110220200000211 61
111022122212220020201202022 25
201020202222211000000002100 18
121222101102011100021200111 3
220020000220221220120012011 92
110000020012001010211122001 77
000202000212020002201221221 0
202121222000010012100210220 0
102121220020021020211122002 0
020120001100201210010211211 0
210002020112121022001102100 0  STATIC
102121212000000122201101121 0
010001220211200010222000221 0
201002112211201111212002110 0
011201120012100020122222120 0
100012101201001000212002211 0
102102021012000211010202012 0
110111010211210202122110002 0
112102111112200022102202021 0
111212120021222111022001112 0
001012000221112110122121202 0
011111100112000202010210202 0
